                                   precision    recall  f1-score   support

                          1_Eagle    0.72881   1.00000   0.84314        43
                           2_Tree    0.86667   0.95122   0.90698        41
                          3_Chair    0.80000   0.81818   0.80899        44
          4_Standing_Forward_Bend    0.87692   0.96610   0.91935        59
       5_Wide-Legged_Forward_Bend    0.95000   0.88372   0.91566        43
                        6_Dolphin    0.63636   1.00000   0.77778         7
            7_Downward-Facing_Dog    0.88889   0.93023   0.90909        43
           8_Intense_Side_Stretch    0.87500   0.66667   0.75676        21
                      9_Half_Moon    0.89583   0.97727   0.93478        44
    10_Extended_Revolved_Triangle    0.90217   0.96512   0.93258        86
  11_Extended_Revolved_Side_Angle    0.92857   0.90698   0.91765        86
                          12_Gate    0.86957   0.90909   0.88889        22
                     13_Warrior_I    0.72414   0.84000   0.77778        25
               14_Reverse_Warrior    0.85000   0.68000   0.75556        25
                     15_Low_Lunge    0.77500   0.75610   0.76543        41
                    16_Warrior_II    0.92857   0.92857   0.92857        42
                   17_Warrior_III    1.00000   0.89286   0.94340        28
             18_Lord_of_the_Dance    0.98000   0.89091   0.93333        55
         19_Standing_big_toe_hold    0.88889   0.66667   0.76190        24
                20_Standing_Split    0.80000   0.47059   0.59259        17
                       21_Sitting    0.84000   0.76364   0.80000        55
                   22_Bound_Angle    0.78571   0.80488   0.79518        41
                       23_Garland    0.66667   0.88235   0.75949        34
                         24_Staff    0.66667   0.90909   0.76923        11
                         25_Noose    1.00000   0.16667   0.28571         6
                      26_Cow_Face    0.86486   0.78049   0.82051        41
          27_Hero_and_thunderbolt    0.77143   0.93103   0.84375        58
             28_Bharadvajas_Twist    0.60000   0.33333   0.42857         9
       29_Half_Lord_of_the_Fishes    0.75439   0.87755   0.81132        49
                         30_Split    0.85185   0.93878   0.89320        49
31_Wide-Angle_Seated_Forward_Bend    0.80000   0.20000   0.32000        20
     32_Head-to-Knee_Forward_Bend    0.93333   0.63636   0.75676        22
         33_Revolved_Head-to-Knee    0.89286   0.96154   0.92593        26
           34_Seated_Forward_Bend    0.72881   0.93478   0.81905        46
                      35_Tortoise    0.33333   0.18182   0.23529        11
                  36_Shooting_bow    0.69231   0.69231   0.69231        13
                         37_Heron    0.73684   0.70000   0.71795        20
                   38_King_Pigeon    0.83784   0.88571   0.86111        35
                    39_Crane_Crow    0.93878   0.95833   0.94845        48
             40_Shoulder-Pressing    0.70588   0.80000   0.75000        15
                      41_Cockerel    0.88235   0.78947   0.83333        19
                         42_Scale    0.86364   0.82609   0.84444        23
                       43_Firefly    0.62500   0.68182   0.65217        22
               44_Side_Crane_Crow    0.83333   0.76923   0.80000        26
                   45_Eight-Angle    0.88889   0.57143   0.69565        14
                46_Sage_Koundinya    0.66667   0.62500   0.64516        16
                     47_Handstand    0.80645   0.80645   0.80645        31
                     48_Headstand    0.68333   0.87234   0.76636        47
                 49_Shoulderstand    0.92857   0.89655   0.91228        29
             50_Feathered_Peacock    0.78788   0.68421   0.73239        38
              51_Legs-Up-the-Wall    0.89286   0.92593   0.90909        27
                          52_Plow    0.97674   1.00000   0.98824        42
                      53_Scorpion    0.92000   0.71875   0.80702        32
                        54_Corpse    0.92308   0.90000   0.91139        40
                          55_Fish    0.93333   0.73684   0.82353        38
                    56_Happy_Baby    1.00000   0.87500   0.93333        16
     57_Reclining_Hand-to-Big-Toe    0.81250   0.59091   0.68421        22
                58_Wind_Relieving    0.81818   0.81818   0.81818        22
             59_Reclining_cobbler    0.83673   0.80392   0.82000        51
                60_Reclining_hero    0.95122   0.88636   0.91765        44
                   61_Yogic_sleep    0.00000   0.00000   0.00000         2
                         62_Cobra    0.98165   0.93860   0.95964       114
                          63_Frog    0.94444   0.85000   0.89474        20
                        64_Locust    0.69767   0.88235   0.77922        34
                         65_Child    0.95556   0.97727   0.96629        44
                66_Extended_Puppy    1.00000   1.00000   1.00000        15
       67_Side-Reclining_Leg_Lift    0.58824   1.00000   0.74074        10
                    68_Side_Plank    0.88235   0.66667   0.75949        45
                 69_Dolphin_Plank    1.00000   0.60000   0.75000         5
   70_Low_Plank_Four-Limbed_Staff    0.87500   0.87500   0.87500        40
                         71_Plank    1.00000   1.00000   1.00000        12
                       72_Peacock    0.75000   0.90000   0.81818        20
                    73_Upward_Bow    0.97826   0.84906   0.90909        53
  74_Upward_Facing_Two-Foot_Staff    0.76923   0.90909   0.83333        11
                  75_Upward_Plank    0.80488   1.00000   0.89189        33
                        76_Pigeon    1.00000   1.00000   1.00000         6
                        77_Bridge    0.92500   0.92500   0.92500        40
                    78_Wild_Thing    0.76667   0.82143   0.79310        28
                    79_Camel_Pose    0.97917   0.97917   0.97917        48
                       80_Cat_Cow    0.98571   1.00000   0.99281        69
                          81_Boat    0.92453   0.85965   0.89091        57
                           82_Bow    0.86667   0.92857   0.89655        28

                         accuracy                        0.85720      2738
                        macro avg    0.83259   0.80706   0.80683      2738
                     weighted avg    0.86304   0.85720   0.85350      2738
