                                   precision    recall  f1-score   support

                          1_Eagle    0.87755   1.00000   0.93478        43
                           2_Tree    0.95122   0.95122   0.95122        41
                          3_Chair    0.85106   0.90909   0.87912        44
          4_Standing_Forward_Bend    0.90323   0.94915   0.92562        59
       5_Wide-Legged_Forward_Bend    0.90476   0.88372   0.89412        43
                        6_Dolphin    0.87500   1.00000   0.93333         7
            7_Downward-Facing_Dog    0.91489   1.00000   0.95556        43
           8_Intense_Side_Stretch    0.85000   0.80952   0.82927        21
                      9_Half_Moon    0.93617   1.00000   0.96703        44
    10_Extended_Revolved_Triangle    0.92391   0.98837   0.95506        86
  11_Extended_Revolved_Side_Angle    0.97436   0.88372   0.92683        86
                          12_Gate    0.95455   0.95455   0.95455        22
                     13_Warrior_I    0.88462   0.92000   0.90196        25
               14_Reverse_Warrior    0.79167   0.76000   0.77551        25
                     15_Low_Lunge    0.84091   0.90244   0.87059        41
                    16_Warrior_II    0.92857   0.92857   0.92857        42
                   17_Warrior_III    0.96296   0.92857   0.94545        28
             18_Lord_of_the_Dance    0.87500   0.89091   0.88288        55
         19_Standing_big_toe_hold    0.86957   0.83333   0.85106        24
                20_Standing_Split    1.00000   0.52941   0.69231        17
                       21_Sitting    0.75000   0.87273   0.80672        55
                   22_Bound_Angle    0.80952   0.82927   0.81928        41
                       23_Garland    0.75000   0.88235   0.81081        34
                         24_Staff    0.61111   1.00000   0.75862        11
                         25_Noose    1.00000   0.66667   0.80000         6
                      26_Cow_Face    0.81395   0.85366   0.83333        41
          27_Hero_and_thunderbolt    0.89474   0.87931   0.88696        58
             28_Bharadvajas_Twist    0.50000   0.66667   0.57143         9
       29_Half_Lord_of_the_Fishes    0.91489   0.87755   0.89583        49
                         30_Split    0.79310   0.93878   0.85981        49
31_Wide-Angle_Seated_Forward_Bend    0.75000   0.30000   0.42857        20
     32_Head-to-Knee_Forward_Bend    0.82353   0.63636   0.71795        22
         33_Revolved_Head-to-Knee    0.92593   0.96154   0.94340        26
           34_Seated_Forward_Bend    0.81132   0.93478   0.86869        46
                      35_Tortoise    0.50000   0.27273   0.35294        11
                  36_Shooting_bow    0.90909   0.76923   0.83333        13
                         37_Heron    0.76190   0.80000   0.78049        20
                   38_King_Pigeon    0.93548   0.82857   0.87879        35
                    39_Crane_Crow    0.86538   0.93750   0.90000        48
             40_Shoulder-Pressing    0.91667   0.73333   0.81481        15
                      41_Cockerel    0.93750   0.78947   0.85714        19
                         42_Scale    1.00000   0.82609   0.90476        23
                       43_Firefly    0.64286   0.81818   0.72000        22
               44_Side_Crane_Crow    0.62069   0.69231   0.65455        26
                   45_Eight-Angle    0.72727   0.57143   0.64000        14
                46_Sage_Koundinya    0.80000   0.50000   0.61538        16
                     47_Handstand    0.78947   0.96774   0.86957        31
                     48_Headstand    0.84000   0.89362   0.86598        47
                 49_Shoulderstand    1.00000   0.93103   0.96429        29
             50_Feathered_Peacock    0.94286   0.86842   0.90411        38
              51_Legs-Up-the-Wall    0.96000   0.88889   0.92308        27
                          52_Plow    0.95455   1.00000   0.97674        42
                      53_Scorpion    0.88462   0.71875   0.79310        32
                        54_Corpse    0.88095   0.92500   0.90244        40
                          55_Fish    0.91892   0.89474   0.90667        38
                    56_Happy_Baby    1.00000   0.81250   0.89655        16
     57_Reclining_Hand-to-Big-Toe    0.90000   0.81818   0.85714        22
                58_Wind_Relieving    0.81818   0.81818   0.81818        22
             59_Reclining_cobbler    0.91111   0.80392   0.85417        51
                60_Reclining_hero    0.90476   0.86364   0.88372        44
                   61_Yogic_sleep    0.00000   0.00000   0.00000         2
                         62_Cobra    0.96429   0.94737   0.95575       114
                          63_Frog    1.00000   0.80000   0.88889        20
                        64_Locust    0.90909   0.88235   0.89552        34
                         65_Child    0.91489   0.97727   0.94505        44
                66_Extended_Puppy    0.93750   1.00000   0.96774        15
       67_Side-Reclining_Leg_Lift    0.90909   1.00000   0.95238        10
                    68_Side_Plank    0.86957   0.88889   0.87912        45
                 69_Dolphin_Plank    0.83333   1.00000   0.90909         5
   70_Low_Plank_Four-Limbed_Staff    0.94872   0.92500   0.93671        40
                         71_Plank    1.00000   1.00000   1.00000        12
                       72_Peacock    0.81818   0.90000   0.85714        20
                    73_Upward_Bow    0.97959   0.90566   0.94118        53
  74_Upward_Facing_Two-Foot_Staff    0.90909   0.90909   0.90909        11
                  75_Upward_Plank    0.86842   1.00000   0.92958        33
                        76_Pigeon    1.00000   1.00000   1.00000         6
                        77_Bridge    0.97436   0.95000   0.96203        40
                    78_Wild_Thing    0.95455   0.75000   0.84000        28
                    79_Camel_Pose    0.97917   0.97917   0.97917        48
                       80_Cat_Cow    0.97183   1.00000   0.98571        69
                          81_Boat    0.96364   0.92982   0.94643        57
                           82_Bow    0.90323   1.00000   0.94915        28

                         accuracy                        0.88897      2738
                        macro avg    0.86767   0.85135   0.85310      2738
                     weighted avg    0.89208   0.88897   0.88675      2738
