                                   precision    recall  f1-score   support

                          1_Eagle    0.89583   1.00000   0.94505        43
                           2_Tree    0.90909   0.97561   0.94118        41
                          3_Chair    0.85106   0.90909   0.87912        44
          4_Standing_Forward_Bend    0.90323   0.94915   0.92562        59
       5_Wide-Legged_Forward_Bend    0.88636   0.90698   0.89655        43
                        6_Dolphin    1.00000   0.71429   0.83333         7
            7_Downward-Facing_Dog    0.86000   1.00000   0.92473        43
           8_Intense_Side_Stretch    0.80952   0.80952   0.80952        21
                      9_Half_Moon    0.95556   0.97727   0.96629        44
    10_Extended_Revolved_Triangle    0.91398   0.98837   0.94972        86
  11_Extended_Revolved_Side_Angle    1.00000   0.84884   0.91824        86
                          12_Gate    1.00000   0.95455   0.97674        22
                     13_Warrior_I    0.86957   0.80000   0.83333        25
               14_Reverse_Warrior    0.82609   0.76000   0.79167        25
                     15_Low_Lunge    0.80435   0.90244   0.85057        41
                    16_Warrior_II    0.93182   0.97619   0.95349        42
                   17_Warrior_III    0.96296   0.92857   0.94545        28
             18_Lord_of_the_Dance    0.94231   0.89091   0.91589        55
         19_Standing_big_toe_hold    0.85714   0.75000   0.80000        24
                20_Standing_Split    0.83333   0.58824   0.68966        17
                       21_Sitting    0.74627   0.90909   0.81967        55
                   22_Bound_Angle    0.84615   0.80488   0.82500        41
                       23_Garland    0.81579   0.91176   0.86111        34
                         24_Staff    0.83333   0.90909   0.86957        11
                         25_Noose    1.00000   0.66667   0.80000         6
                      26_Cow_Face    0.82051   0.78049   0.80000        41
          27_Hero_and_thunderbolt    0.83607   0.87931   0.85714        58
             28_Bharadvajas_Twist    0.57143   0.44444   0.50000         9
       29_Half_Lord_of_the_Fishes    0.77586   0.91837   0.84112        49
                         30_Split    0.81034   0.95918   0.87850        49
31_Wide-Angle_Seated_Forward_Bend    0.85714   0.30000   0.44444        20
     32_Head-to-Knee_Forward_Bend    0.81250   0.59091   0.68421        22
         33_Revolved_Head-to-Knee    0.92593   0.96154   0.94340        26
           34_Seated_Forward_Bend    0.78182   0.93478   0.85149        46
                      35_Tortoise    0.42857   0.27273   0.33333        11
                  36_Shooting_bow    0.90909   0.76923   0.83333        13
                         37_Heron    0.85714   0.90000   0.87805        20
                   38_King_Pigeon    0.93548   0.82857   0.87879        35
                    39_Crane_Crow    0.83929   0.97917   0.90385        48
             40_Shoulder-Pressing    0.83333   0.66667   0.74074        15
                      41_Cockerel    0.85714   0.63158   0.72727        19
                         42_Scale    0.90476   0.82609   0.86364        23
                       43_Firefly    0.60714   0.77273   0.68000        22
               44_Side_Crane_Crow    0.69231   0.69231   0.69231        26
                   45_Eight-Angle    0.83333   0.71429   0.76923        14
                46_Sage_Koundinya    0.83333   0.62500   0.71429        16
                     47_Handstand    0.90625   0.93548   0.92063        31
                     48_Headstand    0.74576   0.93617   0.83019        47
                 49_Shoulderstand    1.00000   0.89655   0.94545        29
             50_Feathered_Peacock    0.93750   0.78947   0.85714        38
              51_Legs-Up-the-Wall    0.88889   0.88889   0.88889        27
                          52_Plow    0.95455   1.00000   0.97674        42
                      53_Scorpion    0.88889   0.75000   0.81356        32
                        54_Corpse    0.83333   0.87500   0.85366        40
                          55_Fish    0.86842   0.86842   0.86842        38
                    56_Happy_Baby    1.00000   0.87500   0.93333        16
     57_Reclining_Hand-to-Big-Toe    0.80000   0.72727   0.76190        22
                58_Wind_Relieving    0.85714   0.81818   0.83721        22
             59_Reclining_cobbler    0.95000   0.74510   0.83516        51
                60_Reclining_hero    0.97368   0.84091   0.90244        44
                   61_Yogic_sleep    0.00000   0.00000   0.00000         2
                         62_Cobra    0.94737   0.94737   0.94737       114
                          63_Frog    0.94444   0.85000   0.89474        20
                        64_Locust    0.85294   0.85294   0.85294        34
                         65_Child    0.95455   0.95455   0.95455        44
                66_Extended_Puppy    1.00000   1.00000   1.00000        15
       67_Side-Reclining_Leg_Lift    0.90909   1.00000   0.95238        10
                    68_Side_Plank    0.83673   0.91111   0.87234        45
                 69_Dolphin_Plank    1.00000   1.00000   1.00000         5
   70_Low_Plank_Four-Limbed_Staff    0.83721   0.90000   0.86747        40
                         71_Plank    1.00000   1.00000   1.00000        12
                       72_Peacock    0.85000   0.85000   0.85000        20
                    73_Upward_Bow    1.00000   0.88679   0.94000        53
  74_Upward_Facing_Two-Foot_Staff    0.90909   0.90909   0.90909        11
                  75_Upward_Plank    0.86486   0.96970   0.91429        33
                        76_Pigeon    0.85714   1.00000   0.92308         6
                        77_Bridge    0.97368   0.92500   0.94872        40
                    78_Wild_Thing    0.82143   0.82143   0.82143        28
                    79_Camel_Pose    0.97917   0.97917   0.97917        48
                       80_Cat_Cow    0.97183   1.00000   0.98571        69
                          81_Boat    0.94643   0.92982   0.93805        57
                           82_Bow    0.90000   0.96429   0.93103        28

                         accuracy                        0.88203      2738
                        macro avg    0.86508   0.83996   0.84687      2738
                     weighted avg    0.88495   0.88203   0.87941      2738
