                                   precision    recall  f1-score   support

                          1_Eagle    0.69355   1.00000   0.81905        43
                           2_Tree    0.88636   0.95122   0.91765        41
                          3_Chair    0.82927   0.77273   0.80000        44
          4_Standing_Forward_Bend    0.87692   0.96610   0.91935        59
       5_Wide-Legged_Forward_Bend    0.94872   0.86047   0.90244        43
                        6_Dolphin    0.83333   0.71429   0.76923         7
            7_Downward-Facing_Dog    0.80392   0.95349   0.87234        43
           8_Intense_Side_Stretch    0.87500   0.66667   0.75676        21
                      9_Half_Moon    0.88636   0.88636   0.88636        44
    10_Extended_Revolved_Triangle    0.92941   0.91860   0.92398        86
  11_Extended_Revolved_Side_Angle    0.89655   0.90698   0.90173        86
                          12_Gate    0.90909   0.90909   0.90909        22
                     13_Warrior_I    0.80000   0.80000   0.80000        25
               14_Reverse_Warrior    0.80952   0.68000   0.73913        25
                     15_Low_Lunge    0.78049   0.78049   0.78049        41
                    16_Warrior_II    0.90698   0.92857   0.91765        42
                   17_Warrior_III    0.81250   0.92857   0.86667        28
             18_Lord_of_the_Dance    0.97917   0.85455   0.91262        55
         19_Standing_big_toe_hold    0.76190   0.66667   0.71111        24
                20_Standing_Split    0.69231   0.52941   0.60000        17
                       21_Sitting    0.81132   0.78182   0.79630        55
                   22_Bound_Angle    0.88889   0.78049   0.83117        41
                       23_Garland    0.65909   0.85294   0.74359        34
                         24_Staff    0.64706   1.00000   0.78571        11
                         25_Noose    1.00000   0.16667   0.28571         6
                      26_Cow_Face    0.71429   0.85366   0.77778        41
          27_Hero_and_thunderbolt    0.77941   0.91379   0.84127        58
             28_Bharadvajas_Twist    0.66667   0.44444   0.53333         9
       29_Half_Lord_of_the_Fishes    0.79245   0.85714   0.82353        49
                         30_Split    0.77586   0.91837   0.84112        49
31_Wide-Angle_Seated_Forward_Bend    0.80000   0.40000   0.53333        20
     32_Head-to-Knee_Forward_Bend    0.84211   0.72727   0.78049        22
         33_Revolved_Head-to-Knee    0.92593   0.96154   0.94340        26
           34_Seated_Forward_Bend    0.79630   0.93478   0.86000        46
                      35_Tortoise    0.33333   0.09091   0.14286        11
                  36_Shooting_bow    0.87500   0.53846   0.66667        13
                         37_Heron    0.65217   0.75000   0.69767        20
                   38_King_Pigeon    0.78378   0.82857   0.80556        35
                    39_Crane_Crow    0.90000   0.93750   0.91837        48
             40_Shoulder-Pressing    0.80000   0.80000   0.80000        15
                      41_Cockerel    0.77778   0.73684   0.75676        19
                         42_Scale    0.95000   0.82609   0.88372        23
                       43_Firefly    0.78947   0.68182   0.73171        22
               44_Side_Crane_Crow    0.68750   0.84615   0.75862        26
                   45_Eight-Angle    0.75000   0.64286   0.69231        14
                46_Sage_Koundinya    0.80000   0.50000   0.61538        16
                     47_Handstand    0.89286   0.80645   0.84746        31
                     48_Headstand    0.66667   0.85106   0.74766        47
                 49_Shoulderstand    0.96429   0.93103   0.94737        29
             50_Feathered_Peacock    0.72727   0.63158   0.67606        38
              51_Legs-Up-the-Wall    0.96000   0.88889   0.92308        27
                          52_Plow    0.95349   0.97619   0.96471        42
                      53_Scorpion    0.92593   0.78125   0.84746        32
                        54_Corpse    0.85714   0.90000   0.87805        40
                          55_Fish    0.90323   0.73684   0.81159        38
                    56_Happy_Baby    1.00000   0.87500   0.93333        16
     57_Reclining_Hand-to-Big-Toe    0.85714   0.54545   0.66667        22
                58_Wind_Relieving    0.80952   0.77273   0.79070        22
             59_Reclining_cobbler    0.86047   0.72549   0.78723        51
                60_Reclining_hero    0.95000   0.86364   0.90476        44
                   61_Yogic_sleep    0.00000   0.00000   0.00000         2
                         62_Cobra    0.99065   0.92982   0.95928       114
                          63_Frog    1.00000   0.85000   0.91892        20
                        64_Locust    0.80556   0.85294   0.82857        34
                         65_Child    0.91304   0.95455   0.93333        44
                66_Extended_Puppy    1.00000   1.00000   1.00000        15
       67_Side-Reclining_Leg_Lift    0.60000   0.90000   0.72000        10
                    68_Side_Plank    0.88636   0.86667   0.87640        45
                 69_Dolphin_Plank    0.80000   0.80000   0.80000         5
   70_Low_Plank_Four-Limbed_Staff    0.83333   0.87500   0.85366        40
                         71_Plank    1.00000   1.00000   1.00000        12
                       72_Peacock    0.76190   0.80000   0.78049        20
                    73_Upward_Bow    0.90741   0.92453   0.91589        53
  74_Upward_Facing_Two-Foot_Staff    0.90000   0.81818   0.85714        11
                  75_Upward_Plank    0.78049   0.96970   0.86486        33
                        76_Pigeon    0.75000   1.00000   0.85714         6
                        77_Bridge    0.88372   0.95000   0.91566        40
                    78_Wild_Thing    0.90909   0.71429   0.80000        28
                    79_Camel_Pose    1.00000   0.97917   0.98947        48
                       80_Cat_Cow    0.98571   1.00000   0.99281        69
                          81_Boat    0.83929   0.82456   0.83186        57
                           82_Bow    0.90000   0.96429   0.93103        28

                         accuracy                        0.85135      2738
                        macro avg    0.82786   0.80129   0.80372      2738
                     weighted avg    0.85583   0.85135   0.84815      2738
