epoch	train_acc	valid_acc	train_loss	valid_loss
1.0	0.03439958021044731	0.05466429144144058	4.268537521362305	4.134527206420898
2.0	0.0619821697473526	0.08556149899959564	4.000493049621582	3.914719343185425
3.0	0.07876245677471161	0.14200831949710846	3.7809624671936035	3.669396162033081
4.0	0.10120608657598495	0.17528223991394043	3.5883169174194336	3.4746739864349365
5.0	0.12679602205753326	0.19845513999462128	3.4285080432891846	3.2626240253448486
6.0	0.14514945447444916	0.25668448209762573	3.2730350494384766	3.0443451404571533
7.0	0.1596224457025528	0.26737967133522034	3.1403040885925293	2.9044852256774902
8.0	0.18206606805324554	0.31313130259513855	3.0137174129486084	2.794591188430786
9.0	0.20650236308574677	0.34224599599838257	2.919339179992676	2.6460089683532715
10.0	0.23146302998065948	0.37551990151405334	2.808577060699463	2.5207231044769287
11.0	0.23398007452487946	0.4058229327201843	2.760071039199829	2.463620662689209
12.0	0.26240167021751404	0.42127153277397156	2.692671775817871	2.372946262359619
13.0	0.26879915595054626	0.427807480096817	2.62665057182312	2.2915151119232178
14.0	0.27939170598983765	0.46761736273765564	2.584167957305908	2.2401695251464844
15.0	0.2906135320663452	0.4818775951862335	2.523134708404541	2.1664175987243652
16.0	0.3083376884460449	0.5062388777732849	2.461911201477051	2.1235406398773193
17.0	0.3189302682876587	0.505644679069519	2.4171361923217773	2.0593481063842773
18.0	0.3349764049053192	0.5181223750114441	2.377011775970459	2.0247395038604736
19.0	0.3427372872829437	0.5502079725265503	2.3244566917419434	1.9696162939071655
20.0	0.3535395860671997	0.543077826499939	2.292463779449463	1.9123929738998413
21.0	0.3648662865161896	0.5508021116256714	2.2553107738494873	1.8821545839309692
22.0	0.37514421343803406	0.5478312373161316	2.226874589920044	1.8503551483154297
23.0	0.38563188910484314	0.5549613833427429	2.1971075534820557	1.8061320781707764
24.0	0.38510748744010925	0.5632798671722412	2.17099928855896	1.7989143133163452
25.0	0.39286836981773376	0.59061199426651	2.152127981185913	1.7570568323135376
26.0	0.3979024589061737	0.5727866888046265	2.1324353218078613	1.7603458166122437
27.0	0.40440481901168823	0.5805109739303589	2.1190266609191895	1.7374075651168823
28.0	0.4093340337276459	0.566250741481781	2.0817484855651855	1.7069942951202393
29.0	0.4151022434234619	0.5799168348312378	2.0446841716766357	1.6863750219345093
30.0	0.4260094463825226	0.5840760469436646	2.043482780456543	1.6682997941970825
31.0	0.4244363009929657	0.5751634240150452	2.024582862854004	1.644691824913025
32.0	0.4249606728553772	0.589423656463623	2.0044281482696533	1.6156896352767944
33.0	0.4339800775051117	0.59061199426651	1.9894680976867676	1.5964523553848267
34.0	0.4352385997772217	0.5983362793922424	1.9738672971725464	1.57218337059021
35.0	0.434084951877594	0.5935828685760498	1.969735860824585	1.585702896118164
36.0	0.43765076994895935	0.5983362793922424	1.9476172924041748	1.573306918144226
37.0	0.4514944851398468	0.6108140349388123	1.9386848211288452	1.557456135749817
38.0	0.4491872191429138	0.6131907105445862	1.9269222021102905	1.5500390529632568
39.0	0.4505506157875061	0.6131907105445862	1.9265491962432861	1.5552862882614136
40.0	0.45684319734573364	0.6072489619255066	1.908463716506958	1.514866590499878
41.0	0.4588358700275421	0.613784909248352	1.8866913318634033	1.5008434057235718
42.0	0.45768222212791443	0.6060606241226196	1.8747211694717407	1.488397240638733
43.0	0.47288936376571655	0.6084372997283936	1.852299690246582	1.4699552059173584
44.0	0.46607235074043274	0.6019013524055481	1.8676526546478271	1.4909794330596924
45.0	0.4773990511894226	0.6072489619255066	1.8334325551986694	1.4694041013717651
46.0	0.47226008772850037	0.6221033930778503	1.8507943153381348	1.4619040489196777
47.0	0.4778185486793518	0.626856803894043	1.8408660888671875	1.455295443534851
48.0	0.4770844280719757	0.6310160160064697	1.8341141939163208	1.4446109533309937
49.0	0.477189302444458	0.625668466091156	1.802066445350647	1.4364817142486572
50.0	0.4782380759716034	0.6304218769073486	1.8026453256607056	1.4223417043685913
51.0	0.48327216506004333	0.626856803894043	1.7954308986663818	1.4199697971343994
52.0	0.485684335231781	0.6423054337501526	1.7952193021774292	1.3916395902633667
53.0	0.4953329861164093	0.6274510025978088	1.7675951719284058	1.3956190347671509
54.0	0.49019402265548706	0.6215091943740845	1.7752732038497925	1.4010601043701172
55.0	0.4941793382167816	0.6363636255264282	1.7699925899505615	1.3747776746749878
56.0	0.484425812959671	0.6399286985397339	1.778592824935913	1.3882111310958862
57.0	0.5017304420471191	0.639334499835968	1.7382949590682983	1.3798214197158813
58.0	0.5017304420471191	0.6530005931854248	1.7287505865097046	1.3537461757659912
59.0	0.49271106719970703	0.6417112350463867	1.7379592657089233	1.3632310628890991
60.0	0.49942317605018616	0.6446821093559265	1.7323346138000488	1.3274791240692139
61.0	0.5077084302902222	0.6476529836654663	1.7187460660934448	1.3368726968765259
62.0	0.5033036470413208	0.6357694864273071	1.7325445413589478	1.3489919900894165
63.0	0.5061352849006653	0.6464646458625793	1.7049493789672852	1.320816993713379
64.0	0.5077084302902222	0.6541889309883118	1.6970020532608032	1.326823353767395
65.0	0.5071840882301331	0.6506238579750061	1.7218021154403687	1.3174515962600708
66.0	0.507288932800293	0.6571598052978516	1.697950005531311	1.3205333948135376
67.0	0.5106449723243713	0.6535947918891907	1.6895272731781006	1.3099029064178467
68.0	0.5068694353103638	0.648841381072998	1.7045073509216309	1.3343409299850464
69.0	0.5086523294448853	0.6494355201721191	1.6911993026733398	1.3193318843841553
70.0	0.5206083059310913	0.6714200973510742	1.6886711120605469	1.2880892753601074
71.0	0.5181961059570312	0.6666666865348816	1.6723092794418335	1.2866191864013672
72.0	0.5241740942001343	0.6625074148178101	1.6670897006988525	1.2805970907211304
73.0	0.521342396736145	0.6595365405082703	1.6593151092529297	1.3004533052444458
74.0	0.5281594395637512	0.6708258986473083	1.6368544101715088	1.258998990058899
75.0	0.5174619555473328	0.6589423418045044	1.6633180379867554	1.275605320930481
76.0	0.5261667370796204	0.6625074148178101	1.6445335149765015	1.2732796669006348
77.0	0.5211326479911804	0.6714200973510742	1.641090750694275	1.254997968673706
78.0	0.5291032791137695	0.6702316999435425	1.6371086835861206	1.2484909296035767
79.0	0.5324593782424927	0.673202633857727	1.6455774307250977	1.265934705734253
80.0	0.5332983732223511	0.675579309463501	1.637182354927063	1.2499831914901733
