epoch	train_acc	valid_acc	train_loss	valid_loss
1.0	0.03251179680228233	0.035650622099637985	4.325742244720459	4.283288478851318
2.0	0.03953854367136955	0.035650622099637985	4.269783020019531	4.253104209899902
3.0	0.03995804861187935	0.035650622099637985	4.245394229888916	4.213889122009277
4.0	0.03911903500556946	0.035650622099637985	4.197646617889404	4.1667160987854
5.0	0.03964341804385185	0.044563278555870056	4.168682098388672	4.127713203430176
6.0	0.04667016118764877	0.04278074949979782	4.1500420570373535	4.139194488525391
7.0	0.05138961598277092	0.051099225878715515	4.098019123077393	4.074792385101318
8.0	0.06093340367078781	0.07724301517009735	4.026056289672852	3.8737950325012207
9.0	0.0798112228512764	0.09269162267446518	3.803467035293579	3.623211622238159
10.0	0.08767697960138321	0.09863339364528656	3.644564390182495	3.63226580619812
11.0	0.1235448345541954	0.15567439794540405	3.408474922180176	3.214035749435425
12.0	0.1600419580936432	0.1925133615732193	3.182170867919922	3.0738842487335205
13.0	0.17850026488304138	0.24064171314239502	3.0215325355529785	2.742258310317993
14.0	0.20566333830356598	0.21628044545650482	2.8901164531707764	2.8082499504089355
15.0	0.21961195766925812	0.3119429647922516	2.7831485271453857	2.4869604110717773
16.0	0.2310435175895691	0.2798573970794678	2.722480297088623	2.5896613597869873
17.0	0.24960671365261078	0.31610220670700073	2.643394708633423	2.4342238903045654
18.0	0.2564237117767334	0.29708853363990784	2.5828800201416016	2.4972939491271973
19.0	0.2830623984336853	0.34343433380126953	2.5343263149261475	2.3366940021514893
20.0	0.2930257022380829	0.3416518270969391	2.4836251735687256	2.26943039894104
21.0	0.29596224427223206	0.3636363744735718	2.4417624473571777	2.282539129257202
22.0	0.3085474669933319	0.28877004981040955	2.423525094985962	2.414060354232788
23.0	0.33078134059906006	0.3363042175769806	2.3667688369750977	2.334879159927368
24.0	0.3288935422897339	0.36720141768455505	2.328490734100342	2.2568230628967285
25.0	0.3454640805721283	0.4313725531101227	2.2929627895355225	2.0501139163970947
26.0	0.3445201814174652	0.38918596506118774	2.2686173915863037	2.174924612045288
27.0	0.35888829827308655	0.40463459491729736	2.2292237281799316	2.140104293823242
28.0	0.36906135082244873	0.4367201328277588	2.2175133228302	1.995210886001587
29.0	0.37724173069000244	0.44028520584106445	2.167626142501831	2.0019922256469727
30.0	0.38353434205055237	0.4557338058948517	2.1817338466644287	1.991767406463623
31.0	0.39433664083480835	0.46702316403388977	2.115164279937744	1.8550939559936523
32.0	0.40262192487716675	0.4664289951324463	2.087928533554077	1.8902043104171753
33.0	0.4068169891834259	0.45098039507865906	2.065868377685547	1.9240820407867432
34.0	0.4142632484436035	0.4444444477558136	2.0382819175720215	1.9856559038162231
35.0	0.4227582514286041	0.4230540692806244	2.02653431892395	2.0183639526367188
36.0	0.4339800775051117	0.4789067208766937	1.990146279335022	1.862392544746399
37.0	0.440062940120697	0.49197861552238464	1.9591505527496338	1.7778407335281372
38.0	0.43828001618385315	0.47831255197525024	1.9581574201583862	1.814365267753601
39.0	0.44362872838974	0.44800952076911926	1.9215337038040161	1.9243892431259155
40.0	0.4404824376106262	0.4907902479171753	1.931029200553894	1.7560533285140991
41.0	0.45789197087287903	0.5080214142799377	1.8802835941314697	1.6818174123764038
42.0	0.4538017809391022	0.5014854669570923	1.8902525901794434	1.7120583057403564
43.0	0.4667016267776489	0.47237077355384827	1.8557789325714111	1.8192722797393799
44.0	0.4598846435546875	0.46999406814575195	1.8488091230392456	1.7811832427978516
45.0	0.4785526990890503	0.5353535413742065	1.8392914533615112	1.6439112424850464
46.0	0.48159411549568176	0.4771241843700409	1.806132435798645	1.7919020652770996
47.0	0.478447824716568	0.4925727844238281	1.8078269958496094	1.735683560371399
48.0	0.48274776339530945	0.5508021116256714	1.7933517694473267	1.6049586534500122
49.0	0.4949134886264801	0.5579322576522827	1.7690593004226685	1.5956662893295288
50.0	0.4895647466182709	0.5270350575447083	1.77681565284729	1.6201053857803345
51.0	0.4889355003833771	0.5448603630065918	1.770701289176941	1.5426716804504395
52.0	0.4937598407268524	0.5454545617103577	1.7530741691589355	1.5649683475494385
53.0	0.5081279277801514	0.5513963103294373	1.725231647491455	1.5601288080215454
54.0	0.5060304403305054	0.5377302169799805	1.7162983417510986	1.6133432388305664
55.0	0.5068694353103638	0.5347593426704407	1.7219430208206177	1.6224695444107056
56.0	0.5127425193786621	0.5733808875083923	1.6966129541397095	1.4968016147613525
57.0	0.5121132731437683	0.5323826670646667	1.6910617351531982	1.6133348941802979
58.0	0.5234399437904358	0.5870469212532043	1.699859619140625	1.4484049081802368
59.0	0.5203985571861267	0.566250741481781	1.6809351444244385	1.5283584594726562
60.0	0.5222862958908081	0.5805109739303589	1.6515390872955322	1.4921913146972656
61.0	0.5261667370796204	0.5704099535942078	1.649228572845459	1.5324760675430298
62.0	0.5385422110557556	0.5656565427780151	1.6361380815505981	1.535569429397583
63.0	0.5390666127204895	0.6084372997283936	1.6304715871810913	1.4074814319610596
64.0	0.5409543514251709	0.5912061929702759	1.6239306926727295	1.4472328424453735
65.0	0.5395909547805786	0.5929887294769287	1.6225190162658691	1.448814868927002
66.0	0.5484006404876709	0.5965538024902344	1.60831880569458	1.4456688165664673
67.0	0.5448347926139832	0.5923945307731628	1.61622154712677	1.4978435039520264
68.0	0.5431568026542664	0.5888294577598572	1.595354437828064	1.49357008934021
69.0	0.5541688799858093	0.5816993713378906	1.5848571062088013	1.4993183612823486
70.0	0.55637127161026	0.6238859295845032	1.577470302581787	1.369317650794983
71.0	0.5609858632087708	0.6232917308807373	1.5682446956634521	1.3641102313995361
72.0	0.562454104423523	0.5870469212532043	1.5425374507904053	1.4503031969070435
73.0	0.5667540431022644	0.6114081740379333	1.5422550439834595	1.4122618436813354
74.0	0.5723125338554382	0.6274510025978088	1.5300401449203491	1.319545865058899
75.0	0.5646565556526184	0.6215091943740845	1.5313715934753418	1.3475630283355713
76.0	0.5625590085983276	0.6226975917816162	1.5287885665893555	1.3823742866516113
77.0	0.5688515901565552	0.6167557835578918	1.5288710594177246	1.3496707677841187
78.0	0.5759832262992859	0.6310160160064697	1.501342535018921	1.3230000734329224
79.0	0.5752490758895874	0.5941770672798157	1.4915437698364258	1.4688235521316528
80.0	0.5758783221244812	0.6387403607368469	1.5245578289031982	1.3051317930221558
