epoch	train_acc	valid_acc	train_loss	valid_loss
1.0	0.033036183565855026	0.04991087317466736	4.293802738189697	4.217639923095703
2.0	0.057787101715803146	0.09150326997041702	3.9923324584960938	3.842395305633545
3.0	0.07792343944311142	0.14260248839855194	3.7149651050567627	3.5029828548431396
4.0	0.11043523997068405	0.162804514169693	3.4619390964508057	3.3041980266571045
5.0	0.13780806958675385	0.2192513346672058	3.2638018131256104	3.0677404403686523
6.0	0.16182485222816467	0.2578728497028351	3.0981616973876953	2.835542917251587
7.0	0.19800734519958496	0.32679739594459534	2.93098783493042	2.696833372116089
8.0	0.21520712971687317	0.3517528176307678	2.8170135021209717	2.5967156887054443
9.0	0.24037756025791168	0.36720141768455505	2.724240779876709	2.4279849529266357
10.0	0.26187729835510254	0.3767082691192627	2.6168885231018066	2.3181943893432617
11.0	0.2831672728061676	0.40998217463493347	2.5405771732330322	2.282362222671509
12.0	0.2929208278656006	0.41592395305633545	2.475383758544922	2.2458913326263428
13.0	0.3122181296348572	0.45929887890815735	2.39815616607666	2.1234591007232666
14.0	0.3201887905597687	0.48366013169288635	2.34259033203125	2.0664854049682617
15.0	0.3432616591453552	0.4925727844238281	2.2714695930480957	1.968183994293213
16.0	0.362139493227005	0.5032680034637451	2.2096786499023438	1.870833396911621
17.0	0.3796539008617401	0.51871657371521	2.1414546966552734	1.8228617906570435
18.0	0.39181962609291077	0.5591205954551697	2.09421443939209	1.7457811832427979
19.0	0.4078657627105713	0.5769459009170532	2.035733938217163	1.6369636058807373
20.0	0.41908755898475647	0.5882353186607361	1.9868414402008057	1.6307833194732666
21.0	0.42968013882637024	0.591800332069397	1.955304503440857	1.599748969078064
22.0	0.44855794310569763	0.6167557835578918	1.9041619300842285	1.53644597530365
23.0	0.4590456187725067	0.6197266578674316	1.8577712774276733	1.5200175046920776
24.0	0.47152596712112427	0.6327985525131226	1.8181629180908203	1.4698240756988525
25.0	0.4693235456943512	0.626856803894043	1.813910961151123	1.4816279411315918
26.0	0.48411116003990173	0.6476529836654663	1.7835689783096313	1.4339286088943481
27.0	0.49218669533729553	0.6654782891273499	1.740793228149414	1.3978216648101807
28.0	0.49334031343460083	0.6434937715530396	1.72663414478302	1.3609625101089478
29.0	0.49900367856025696	0.6601307392120361	1.7051500082015991	1.3644555807113647
30.0	0.5095962285995483	0.6571598052978516	1.6656992435455322	1.3218506574630737
31.0	0.5138961672782898	0.6595365405082703	1.6613904237747192	1.3025749921798706
32.0	0.5179863572120667	0.663695752620697	1.6451616287231445	1.3129991292953491
33.0	0.523859441280365	0.674390971660614	1.6123842000961304	1.2854682207107544
34.0	0.5331934690475464	0.6791443824768066	1.5936033725738525	1.284023642539978
35.0	0.538332462310791	0.6898396015167236	1.571578860282898	1.229493498802185
36.0	0.5431568026542664	0.6916220784187317	1.5624394416809082	1.2322319746017456
37.0	0.5476664900779724	0.6916220784187317	1.5460137128829956	1.2061208486557007
38.0	0.5429470539093018	0.6916220784187317	1.5325618982315063	1.219304084777832
39.0	0.5556371212005615	0.6904337406158447	1.5207501649856567	1.2416049242019653
40.0	0.5562663674354553	0.6981580257415771	1.5130263566970825	1.1611196994781494
41.0	0.5625590085983276	0.7023172974586487	1.4904788732528687	1.1510920524597168
42.0	0.5716832876205444	0.6981580257415771	1.4933825731277466	1.1560282707214355
43.0	0.5678028464317322	0.7082590460777283	1.4636781215667725	1.1509675979614258
44.0	0.5696905851364136	0.7195484042167664	1.471224069595337	1.1390639543533325
45.0	0.5734661817550659	0.7040998339653015	1.4370903968811035	1.1425787210464478
46.0	0.575458824634552	0.7260843515396118	1.4283232688903809	1.1226332187652588
47.0	0.5835343599319458	0.7082590460777283	1.4250630140304565	1.1186450719833374
48.0	0.5805978178977966	0.724301815032959	1.419154405593872	1.1138591766357422
49.0	0.5855270028114319	0.7100415825843811	1.4214099645614624	1.1075981855392456
50.0	0.5881489515304565	0.7112299203872681	1.3940683603286743	1.1154513359069824
51.0	0.5945464372634888	0.7147949934005737	1.3997955322265625	1.08785080909729
52.0	0.5976927280426025	0.7225193381309509	1.38307523727417	1.0734426975250244
53.0	0.5945464372634888	0.7183600664138794	1.3998533487319946	1.0911060571670532
54.0	0.5986366271972656	0.7165775299072266	1.3738311529159546	1.0748400688171387
55.0	0.6040902137756348	0.7195484042167664	1.3549524545669556	1.0599186420440674
56.0	0.6058731079101562	0.7266785502433777	1.3638194799423218	1.0521819591522217
57.0	0.610487699508667	0.7326202988624573	1.3440130949020386	1.0552507638931274
58.0	0.6059779524803162	0.7225193381309509	1.3446686267852783	1.0586223602294922
59.0	0.6136339902877808	0.7302436232566833	1.3370170593261719	1.0237388610839844
60.0	0.6126900911331177	0.7290552854537964	1.3327322006225586	1.03781259059906
61.0	0.6230728626251221	0.7278668880462646	1.3122035264968872	1.0358996391296387
62.0	0.6207656264305115	0.7445038557052612	1.2837246656417847	1.0199187994003296
63.0	0.6187729239463806	0.7462863922119141	1.300918459892273	1.0323779582977295
64.0	0.6199265718460083	0.7403446435928345	1.303971767425537	0.9989350438117981
65.0	0.6254850625991821	0.7427213191986084	1.284217119216919	1.0098098516464233
66.0	0.6147876381874084	0.7439096570014954	1.2999283075332642	1.0226163864135742
67.0	0.6268484592437744	0.733808696269989	1.2836331129074097	0.9999505877494812
68.0	0.6284216046333313	0.7385621070861816	1.2793196439743042	1.00846529006958
69.0	0.6246460676193237	0.7456921935081482	1.2929662466049194	0.9957892894744873
70.0	0.6337703466415405	0.7480689287185669	1.257480263710022	0.9840103387832642
71.0	0.6370214819908142	0.7563874125480652	1.2592540979385376	0.9679049253463745
72.0	0.6304142475128174	0.7492572665214539	1.2695833444595337	0.9781080484390259
73.0	0.6435238718986511	0.7427213191986084	1.2383288145065308	0.9743718504905701
74.0	0.6349239349365234	0.7546048760414124	1.2612472772598267	0.9550341963768005
75.0	0.6388043761253357	0.7468805909156799	1.240782380104065	0.964495837688446
76.0	0.6512847542762756	0.7409387826919556	1.2165658473968506	0.9608921408653259
77.0	0.6447823643684387	0.7540106773376465	1.2218165397644043	0.9417781233787537
78.0	0.6462506651878357	0.7468805909156799	1.2176138162612915	0.9620387554168701
79.0	0.6482433080673218	0.7551990747451782	1.2184748649597168	0.9488798379898071
80.0	0.6509701013565063	0.7504456043243408	1.2169419527053833	0.9485722780227661
