                                   precision    recall  f1-score   support

    10_Extended_Revolved_Triangle    0.93966   0.96460   0.95197       113
  11_Extended_Revolved_Side_Angle    0.93043   0.94690   0.93860       113
                          12_Gate    0.93333   0.96552   0.94915        29
                     13_Warrior_I    0.82353   0.82353   0.82353        34
               14_Reverse_Warrior    0.89655   0.78788   0.83871        33
                     15_Low_Lunge    0.82000   0.75926   0.78846        54
                    16_Warrior_II    0.96491   0.94828   0.95652        58
                   17_Warrior_III    0.91176   0.88571   0.89855        35
             18_Lord_of_the_Dance    0.95312   0.88406   0.91729        69
         19_Standing_big_toe_hold    0.74194   0.74194   0.74194        31
                          1_Eagle    0.73077   0.98276   0.83824        58
                20_Standing_Split    0.80000   0.54545   0.64865        22
                       21_Sitting    0.78409   0.93243   0.85185        74
                   22_Bound_Angle    0.78000   0.73585   0.75728        53
                       23_Garland    0.76364   0.97674   0.85714        43
                         24_Staff    0.69565   1.00000   0.82051        16
                         25_Noose    1.00000   0.50000   0.66667         8
                      26_Cow_Face    0.85714   0.77778   0.81553        54
          27_Hero_and_thunderbolt    0.81928   0.93151   0.87179        73
             28_Bharadvajas_Twist    0.70000   0.58333   0.63636        12
       29_Half_Lord_of_the_Fishes    0.79452   0.90625   0.84672        64
                           2_Tree    0.94231   0.96078   0.95146        51
                         30_Split    0.83333   0.88710   0.85938        62
31_Wide-Angle_Seated_Forward_Bend    0.75000   0.37500   0.50000        24
     32_Head-to-Knee_Forward_Bend    0.80952   0.62963   0.70833        27
         33_Revolved_Head-to-Knee    0.90909   0.93750   0.92308        32
           34_Seated_Forward_Bend    0.83333   0.93220   0.88000        59
                      35_Tortoise    0.50000   0.29412   0.37037        17
                  36_Shooting_bow    0.92308   0.80000   0.85714        15
                         37_Heron    0.90000   0.64286   0.75000        28
                   38_King_Pigeon    0.87500   0.87500   0.87500        48
                    39_Crane_Crow    0.90164   0.96491   0.93220        57
                          3_Chair    0.85965   0.84483   0.85217        58
             40_Shoulder-Pressing    0.68421   0.68421   0.68421        19
                      41_Cockerel    0.90476   0.79167   0.84444        24
                         42_Scale    0.89286   0.83333   0.86207        30
                       43_Firefly    0.75000   0.75000   0.75000        28
               44_Side_Crane_Crow    0.77778   0.70000   0.73684        30
                   45_Eight-Angle    1.00000   0.53333   0.69565        15
                46_Sage_Koundinya    0.73684   0.66667   0.70000        21
                     47_Handstand    0.79412   0.72973   0.76056        37
                     48_Headstand    0.78378   0.92063   0.84672        63
                 49_Shoulderstand    0.97143   0.91892   0.94444        37
          4_Standing_Forward_Bend    0.91667   0.95062   0.93333        81
             50_Feathered_Peacock    0.84000   0.84000   0.84000        50
              51_Legs-Up-the-Wall    0.94595   0.92105   0.93333        38
                          52_Plow    0.94444   1.00000   0.97143        51
                      53_Scorpion    0.82857   0.74359   0.78378        39
                        54_Corpse    0.90909   0.89286   0.90090        56
                          55_Fish    0.84444   0.70370   0.76768        54
                    56_Happy_Baby    0.95000   0.86364   0.90476        22
     57_Reclining_Hand-to-Big-Toe    0.72000   0.62069   0.66667        29
                58_Wind_Relieving    0.75000   0.75000   0.75000        28
             59_Reclining_cobbler    0.73529   0.83333   0.78125        60
       5_Wide-Legged_Forward_Bend    0.92157   0.88679   0.90385        53
                60_Reclining_hero    0.90385   0.88679   0.89524        53
                   61_Yogic_sleep    0.00000   0.00000   0.00000         3
                         62_Cobra    0.98540   0.90604   0.94406       149
                          63_Frog    0.95455   0.75000   0.84000        28
                        64_Locust    0.73077   0.88372   0.80000        43
                         65_Child    0.93651   0.96721   0.95161        61
                66_Extended_Puppy    0.94737   1.00000   0.97297        18
       67_Side-Reclining_Leg_Lift    0.73333   0.91667   0.81481        12
                    68_Side_Plank    0.88525   0.84375   0.86400        64
                 69_Dolphin_Plank    1.00000   0.77778   0.87500         9
                        6_Dolphin    0.84615   1.00000   0.91667        11
   70_Low_Plank_Four-Limbed_Staff    0.82000   0.83673   0.82828        49
                         71_Plank    0.88889   1.00000   0.94118        16
                       72_Peacock    0.72414   0.80769   0.76364        26
                    73_Upward_Bow    0.96721   0.86765   0.91473        68
  74_Upward_Facing_Two-Foot_Staff    0.93333   0.93333   0.93333        15
                  75_Upward_Plank    0.80769   0.95455   0.87500        44
                        76_Pigeon    0.72727   0.80000   0.76190        10
                        77_Bridge    0.92308   0.94118   0.93204        51
                    78_Wild_Thing    0.89655   0.70270   0.78788        37
                    79_Camel_Pose    1.00000   0.98413   0.99200        63
            7_Downward-Facing_Dog    0.88136   0.98113   0.92857        53
                       80_Cat_Cow    0.98876   1.00000   0.99435        88
                          81_Boat    0.90789   0.88462   0.89610        78
                           82_Bow    0.85000   0.85000   0.85000        40
           8_Intense_Side_Stretch    0.83333   0.74074   0.78431        27
                      9_Half_Moon    0.87097   0.94737   0.90756        57

                         accuracy                        0.86777      3562
                        macro avg    0.84418   0.82222   0.82685      3562
                     weighted avg    0.86993   0.86777   0.86515      3562
