                                   precision    recall  f1-score   support

    10_Extended_Revolved_Triangle    0.94118   0.99115   0.96552       113
  11_Extended_Revolved_Side_Angle    0.96364   0.93805   0.95067       113
                          12_Gate    0.96429   0.93103   0.94737        29
                     13_Warrior_I    0.85714   0.88235   0.86957        34
               14_Reverse_Warrior    0.96296   0.78788   0.86667        33
                     15_Low_Lunge    0.93878   0.85185   0.89320        54
                    16_Warrior_II    0.95000   0.98276   0.96610        58
                   17_Warrior_III    1.00000   0.88571   0.93939        35
             18_Lord_of_the_Dance    0.98438   0.91304   0.94737        69
         19_Standing_big_toe_hold    0.84848   0.90323   0.87500        31
                          1_Eagle    0.84848   0.96552   0.90323        58
                20_Standing_Split    1.00000   0.68182   0.81081        22
                       21_Sitting    0.68687   0.91892   0.78613        74
                   22_Bound_Angle    0.90909   0.75472   0.82474        53
                       23_Garland    0.79592   0.90698   0.84783        43
                         24_Staff    0.80000   1.00000   0.88889        16
                         25_Noose    0.80000   0.50000   0.61538         8
                      26_Cow_Face    0.86792   0.85185   0.85981        54
          27_Hero_and_thunderbolt    0.88608   0.95890   0.92105        73
             28_Bharadvajas_Twist    0.66667   0.66667   0.66667        12
       29_Half_Lord_of_the_Fishes    0.93651   0.92188   0.92913        64
                           2_Tree    0.85965   0.96078   0.90741        51
                         30_Split    0.86567   0.93548   0.89922        62
31_Wide-Angle_Seated_Forward_Bend    0.76471   0.54167   0.63415        24
     32_Head-to-Knee_Forward_Bend    0.84615   0.81481   0.83019        27
         33_Revolved_Head-to-Knee    0.93750   0.93750   0.93750        32
           34_Seated_Forward_Bend    0.90164   0.93220   0.91667        59
                      35_Tortoise    0.50000   0.29412   0.37037        17
                  36_Shooting_bow    0.82353   0.93333   0.87500        15
                         37_Heron    0.91667   0.78571   0.84615        28
                   38_King_Pigeon    0.88000   0.91667   0.89796        48
                    39_Crane_Crow    0.80882   0.96491   0.88000        57
                          3_Chair    0.88333   0.91379   0.89831        58
             40_Shoulder-Pressing    0.85714   0.63158   0.72727        19
                      41_Cockerel    0.90476   0.79167   0.84444        24
                         42_Scale    1.00000   0.66667   0.80000        30
                       43_Firefly    0.66667   0.78571   0.72131        28
               44_Side_Crane_Crow    0.76000   0.63333   0.69091        30
                   45_Eight-Angle    0.69231   0.60000   0.64286        15
                46_Sage_Koundinya    0.81250   0.61905   0.70270        21
                     47_Handstand    0.89655   0.70270   0.78788        37
                     48_Headstand    0.70115   0.96825   0.81333        63
                 49_Shoulderstand    0.94444   0.91892   0.93151        37
          4_Standing_Forward_Bend    0.86813   0.97531   0.91860        81
             50_Feathered_Peacock    0.95000   0.76000   0.84444        50
              51_Legs-Up-the-Wall    0.97143   0.89474   0.93151        38
                          52_Plow    0.98077   1.00000   0.99029        51
                      53_Scorpion    0.90323   0.71795   0.80000        39
                        54_Corpse    0.83871   0.92857   0.88136        56
                          55_Fish    0.93878   0.85185   0.89320        54
                    56_Happy_Baby    0.94737   0.81818   0.87805        22
     57_Reclining_Hand-to-Big-Toe    0.82759   0.82759   0.82759        29
                58_Wind_Relieving    0.79310   0.82143   0.80702        28
             59_Reclining_cobbler    0.89655   0.86667   0.88136        60
       5_Wide-Legged_Forward_Bend    0.88889   0.90566   0.89720        53
                60_Reclining_hero    0.92157   0.88679   0.90385        53
                   61_Yogic_sleep    1.00000   0.33333   0.50000         3
                         62_Cobra    0.98592   0.93960   0.96220       149
                          63_Frog    1.00000   0.85714   0.92308        28
                        64_Locust    0.82979   0.90698   0.86667        43
                         65_Child    0.96667   0.95082   0.95868        61
                66_Extended_Puppy    1.00000   1.00000   1.00000        18
       67_Side-Reclining_Leg_Lift    0.90909   0.83333   0.86957        12
                    68_Side_Plank    0.89062   0.89062   0.89062        64
                 69_Dolphin_Plank    1.00000   1.00000   1.00000         9
                        6_Dolphin    0.90909   0.90909   0.90909        11
   70_Low_Plank_Four-Limbed_Staff    0.86538   0.91837   0.89109        49
                         71_Plank    1.00000   1.00000   1.00000        16
                       72_Peacock    0.87500   0.80769   0.84000        26
                    73_Upward_Bow    0.92754   0.94118   0.93431        68
  74_Upward_Facing_Two-Foot_Staff    1.00000   0.93333   0.96552        15
                  75_Upward_Plank    0.87755   0.97727   0.92473        44
                        76_Pigeon    0.80000   0.80000   0.80000        10
                        77_Bridge    0.97872   0.90196   0.93878        51
                    78_Wild_Thing    0.84848   0.75676   0.80000        37
                    79_Camel_Pose    0.98413   0.98413   0.98413        63
            7_Downward-Facing_Dog    0.91228   0.98113   0.94545        53
                       80_Cat_Cow    0.98876   1.00000   0.99435        88
                          81_Boat    0.90000   0.92308   0.91139        78
                           82_Bow    0.88095   0.92500   0.90244        40
           8_Intense_Side_Stretch    0.92000   0.85185   0.88462        27
                      9_Half_Moon    0.93443   1.00000   0.96610        57

                         accuracy                        0.89388      3562
                        macro avg    0.88710   0.85391   0.86399      3562
                     weighted avg    0.89821   0.89388   0.89249      3562
