                                   precision    recall  f1-score   support

    10_Extended_Revolved_Triangle    0.92241   0.94690   0.93450       113
  11_Extended_Revolved_Side_Angle    0.93519   0.89381   0.91403       113
                          12_Gate    0.93333   0.96552   0.94915        29
                     13_Warrior_I    0.84375   0.79412   0.81818        34
               14_Reverse_Warrior    0.83333   0.75758   0.79365        33
                     15_Low_Lunge    0.80769   0.77778   0.79245        54
                    16_Warrior_II    0.91667   0.94828   0.93220        58
                   17_Warrior_III    0.84615   0.94286   0.89189        35
             18_Lord_of_the_Dance    0.94828   0.79710   0.86614        69
         19_Standing_big_toe_hold    0.70588   0.77419   0.73846        31
                          1_Eagle    0.72727   0.96552   0.82963        58
                20_Standing_Split    0.86667   0.59091   0.70270        22
                       21_Sitting    0.86364   0.77027   0.81429        74
                   22_Bound_Angle    0.86667   0.73585   0.79592        53
                       23_Garland    0.71429   0.93023   0.80808        43
                         24_Staff    0.70588   0.75000   0.72727        16
                         25_Noose    0.75000   0.37500   0.50000         8
                      26_Cow_Face    0.76786   0.79630   0.78182        54
          27_Hero_and_thunderbolt    0.69072   0.91781   0.78824        73
             28_Bharadvajas_Twist    0.25000   0.16667   0.20000        12
       29_Half_Lord_of_the_Fishes    0.75641   0.92188   0.83099        64
                           2_Tree    0.92453   0.96078   0.94231        51
                         30_Split    0.82353   0.90323   0.86154        62
31_Wide-Angle_Seated_Forward_Bend    0.60000   0.25000   0.35294        24
     32_Head-to-Knee_Forward_Bend    0.64706   0.81481   0.72131        27
         33_Revolved_Head-to-Knee    0.81579   0.96875   0.88571        32
           34_Seated_Forward_Bend    0.86441   0.86441   0.86441        59
                      35_Tortoise    0.00000   0.00000   0.00000        17
                  36_Shooting_bow    0.76923   0.66667   0.71429        15
                         37_Heron    0.89474   0.60714   0.72340        28
                   38_King_Pigeon    0.77358   0.85417   0.81188        48
                    39_Crane_Crow    0.85714   0.94737   0.90000        57
                          3_Chair    0.90909   0.86207   0.88496        58
             40_Shoulder-Pressing    0.84615   0.57895   0.68750        19
                      41_Cockerel    0.69565   0.66667   0.68085        24
                         42_Scale    0.87500   0.70000   0.77778        30
                       43_Firefly    0.62857   0.78571   0.69841        28
               44_Side_Crane_Crow    0.64103   0.83333   0.72464        30
                   45_Eight-Angle    0.78571   0.73333   0.75862        15
                46_Sage_Koundinya    1.00000   0.47619   0.64516        21
                     47_Handstand    0.42857   0.89189   0.57895        37
                     48_Headstand    0.83051   0.77778   0.80328        63
                 49_Shoulderstand    0.91892   0.91892   0.91892        37
          4_Standing_Forward_Bend    0.91765   0.96296   0.93976        81
             50_Feathered_Peacock    0.80000   0.24000   0.36923        50
              51_Legs-Up-the-Wall    0.91892   0.89474   0.90667        38
                          52_Plow    0.98077   1.00000   0.99029        51
                      53_Scorpion    0.78947   0.76923   0.77922        39
                        54_Corpse    0.83607   0.91071   0.87179        56
                          55_Fish    0.96296   0.48148   0.64198        54
                    56_Happy_Baby    0.90476   0.86364   0.88372        22
     57_Reclining_Hand-to-Big-Toe    0.81250   0.44828   0.57778        29
                58_Wind_Relieving    0.62162   0.82143   0.70769        28
             59_Reclining_cobbler    0.80000   0.80000   0.80000        60
       5_Wide-Legged_Forward_Bend    0.92308   0.90566   0.91429        53
                60_Reclining_hero    0.79661   0.88679   0.83929        53
                   61_Yogic_sleep    0.00000   0.00000   0.00000         3
                         62_Cobra    0.95804   0.91946   0.93836       149
                          63_Frog    0.92000   0.82143   0.86792        28
                        64_Locust    0.69811   0.86047   0.77083        43
                         65_Child    0.90625   0.95082   0.92800        61
                66_Extended_Puppy    0.94737   1.00000   0.97297        18
       67_Side-Reclining_Leg_Lift    0.73333   0.91667   0.81481        12
                    68_Side_Plank    0.90000   0.84375   0.87097        64
                 69_Dolphin_Plank    1.00000   0.88889   0.94118         9
                        6_Dolphin    0.73333   1.00000   0.84615        11
   70_Low_Plank_Four-Limbed_Staff    0.79630   0.87755   0.83495        49
                         71_Plank    1.00000   0.93750   0.96774        16
                       72_Peacock    0.70833   0.65385   0.68000        26
                    73_Upward_Bow    0.96721   0.86765   0.91473        68
  74_Upward_Facing_Two-Foot_Staff    0.92308   0.80000   0.85714        15
                  75_Upward_Plank    0.87234   0.93182   0.90110        44
                        76_Pigeon    0.80000   0.80000   0.80000        10
                        77_Bridge    0.88889   0.94118   0.91429        51
                    78_Wild_Thing    0.88235   0.81081   0.84507        37
                    79_Camel_Pose    1.00000   0.98413   0.99200        63
            7_Downward-Facing_Dog    0.88136   0.98113   0.92857        53
                       80_Cat_Cow    0.97778   1.00000   0.98876        88
                          81_Boat    0.90667   0.87179   0.88889        78
                           82_Bow    0.83333   0.87500   0.85366        40
           8_Intense_Side_Stretch    0.74074   0.74074   0.74074        27
                      9_Half_Moon    0.93103   0.94737   0.93913        57

                         accuracy                        0.84110      3562
                        macro avg    0.80673   0.79009   0.78739      3562
                     weighted avg    0.84674   0.84110   0.83511      3562
