                                   precision    recall  f1-score   support

    10_Extended_Revolved_Triangle    0.91736   0.98230   0.94872       113
  11_Extended_Revolved_Side_Angle    0.98077   0.90265   0.94009       113
                          12_Gate    1.00000   0.96552   0.98246        29
                     13_Warrior_I    0.87879   0.85294   0.86567        34
               14_Reverse_Warrior    0.83871   0.78788   0.81250        33
                     15_Low_Lunge    0.87037   0.87037   0.87037        54
                    16_Warrior_II    0.96667   1.00000   0.98305        58
                   17_Warrior_III    0.96970   0.91429   0.94118        35
             18_Lord_of_the_Dance    0.95385   0.89855   0.92537        69
         19_Standing_big_toe_hold    0.79412   0.87097   0.83077        31
                          1_Eagle    0.86154   0.96552   0.91057        58
                20_Standing_Split    0.87500   0.63636   0.73684        22
                       21_Sitting    0.77174   0.95946   0.85542        74
                   22_Bound_Angle    0.89362   0.79245   0.84000        53
                       23_Garland    0.78000   0.90698   0.83871        43
                         24_Staff    0.69565   1.00000   0.82051        16
                         25_Noose    0.80000   0.50000   0.61538         8
                      26_Cow_Face    0.84000   0.77778   0.80769        54
          27_Hero_and_thunderbolt    0.83133   0.94521   0.88462        73
             28_Bharadvajas_Twist    1.00000   0.58333   0.73684        12
       29_Half_Lord_of_the_Fishes    0.89062   0.89062   0.89062        64
                           2_Tree    0.94231   0.96078   0.95146        51
                         30_Split    0.83582   0.90323   0.86822        62
31_Wide-Angle_Seated_Forward_Bend    0.66667   0.50000   0.57143        24
     32_Head-to-Knee_Forward_Bend    0.76000   0.70370   0.73077        27
         33_Revolved_Head-to-Knee    1.00000   0.93750   0.96774        32
           34_Seated_Forward_Bend    0.82090   0.93220   0.87302        59
                      35_Tortoise    0.40000   0.23529   0.29630        17
                  36_Shooting_bow    0.85714   0.80000   0.82759        15
                         37_Heron    0.88889   0.85714   0.87273        28
                   38_King_Pigeon    0.91111   0.85417   0.88172        48
                    39_Crane_Crow    0.89831   0.92982   0.91379        57
                          3_Chair    0.85484   0.91379   0.88333        58
             40_Shoulder-Pressing    0.75000   0.63158   0.68571        19
                      41_Cockerel    0.77778   0.87500   0.82353        24
                         42_Scale    1.00000   0.76667   0.86792        30
                       43_Firefly    0.74074   0.71429   0.72727        28
               44_Side_Crane_Crow    0.66667   0.66667   0.66667        30
                   45_Eight-Angle    0.88889   0.53333   0.66667        15
                46_Sage_Koundinya    0.77778   0.66667   0.71795        21
                     47_Handstand    0.88571   0.83784   0.86111        37
                     48_Headstand    0.74074   0.95238   0.83333        63
                 49_Shoulderstand    1.00000   0.91892   0.95775        37
          4_Standing_Forward_Bend    0.87778   0.97531   0.92398        81
             50_Feathered_Peacock    0.92857   0.78000   0.84783        50
              51_Legs-Up-the-Wall    0.97143   0.89474   0.93151        38
                          52_Plow    0.98077   1.00000   0.99029        51
                      53_Scorpion    0.87097   0.69231   0.77143        39
                        54_Corpse    0.80328   0.87500   0.83761        56
                          55_Fish    0.90196   0.85185   0.87619        54
                    56_Happy_Baby    0.95000   0.86364   0.90476        22
     57_Reclining_Hand-to-Big-Toe    0.85185   0.79310   0.82143        29
                58_Wind_Relieving    0.77419   0.85714   0.81356        28
             59_Reclining_cobbler    0.83333   0.83333   0.83333        60
       5_Wide-Legged_Forward_Bend    0.92308   0.90566   0.91429        53
                60_Reclining_hero    0.88679   0.88679   0.88679        53
                   61_Yogic_sleep    0.00000   0.00000   0.00000         3
                         62_Cobra    0.97902   0.93960   0.95890       149
                          63_Frog    1.00000   0.92857   0.96296        28
                        64_Locust    0.84444   0.88372   0.86364        43
                         65_Child    0.93651   0.96721   0.95161        61
                66_Extended_Puppy    1.00000   1.00000   1.00000        18
       67_Side-Reclining_Leg_Lift    0.84615   0.91667   0.88000        12
                    68_Side_Plank    0.86765   0.92188   0.89394        64
                 69_Dolphin_Plank    1.00000   1.00000   1.00000         9
                        6_Dolphin    1.00000   0.90909   0.95238        11
   70_Low_Plank_Four-Limbed_Staff    0.84906   0.91837   0.88235        49
                         71_Plank    0.84211   1.00000   0.91429        16
                       72_Peacock    0.86957   0.76923   0.81633        26
                    73_Upward_Bow    0.95522   0.94118   0.94815        68
  74_Upward_Facing_Two-Foot_Staff    1.00000   0.93333   0.96552        15
                  75_Upward_Plank    0.87500   0.95455   0.91304        44
                        76_Pigeon    0.88889   0.80000   0.84211        10
                        77_Bridge    0.95918   0.92157   0.94000        51
                    78_Wild_Thing    0.93333   0.75676   0.83582        37
                    79_Camel_Pose    0.96875   0.98413   0.97638        63
            7_Downward-Facing_Dog    0.91228   0.98113   0.94545        53
                       80_Cat_Cow    0.97778   1.00000   0.98876        88
                          81_Boat    0.95946   0.91026   0.93421        78
                           82_Bow    0.97222   0.87500   0.92105        40
           8_Intense_Side_Stretch    0.82759   0.88889   0.85714        27
                      9_Half_Moon    0.94915   0.98246   0.96552        57

                         accuracy                        0.88939      3562
                        macro avg    0.86880   0.84618   0.85300      3562
                     weighted avg    0.89117   0.88939   0.88751      3562
