                                   precision    recall  f1-score   support

    10_Extended_Revolved_Triangle    0.91129   1.00000   0.95359       113
  11_Extended_Revolved_Side_Angle    0.92982   0.93805   0.93392       113
                          12_Gate    0.93333   0.96552   0.94915        29
                     13_Warrior_I    0.84848   0.82353   0.83582        34
               14_Reverse_Warrior    1.00000   0.69697   0.82143        33
                     15_Low_Lunge    0.91667   0.81481   0.86275        54
                    16_Warrior_II    0.96667   1.00000   0.98305        58
                   17_Warrior_III    0.94118   0.91429   0.92754        35
             18_Lord_of_the_Dance    0.95385   0.89855   0.92537        69
         19_Standing_big_toe_hold    0.77143   0.87097   0.81818        31
                          1_Eagle    0.93333   0.96552   0.94915        58
                20_Standing_Split    0.93333   0.63636   0.75676        22
                       21_Sitting    0.71000   0.95946   0.81609        74
                   22_Bound_Angle    0.89583   0.81132   0.85149        53
                       23_Garland    0.83333   0.93023   0.87912        43
                         24_Staff    0.76190   1.00000   0.86486        16
                         25_Noose    1.00000   0.50000   0.66667         8
                      26_Cow_Face    0.87755   0.79630   0.83495        54
          27_Hero_and_thunderbolt    0.81176   0.94521   0.87342        73
             28_Bharadvajas_Twist    0.71429   0.41667   0.52632        12
       29_Half_Lord_of_the_Fishes    0.89062   0.89062   0.89062        64
                           2_Tree    0.85965   0.96078   0.90741        51
                         30_Split    0.87500   0.90323   0.88889        62
31_Wide-Angle_Seated_Forward_Bend    0.58824   0.41667   0.48780        24
     32_Head-to-Knee_Forward_Bend    0.77778   0.77778   0.77778        27
         33_Revolved_Head-to-Knee    0.88235   0.93750   0.90909        32
           34_Seated_Forward_Bend    0.87500   0.94915   0.91057        59
                      35_Tortoise    0.45455   0.29412   0.35714        17
                  36_Shooting_bow    0.84615   0.73333   0.78571        15
                         37_Heron    0.95238   0.71429   0.81633        28
                   38_King_Pigeon    0.86538   0.93750   0.90000        48
                    39_Crane_Crow    0.84375   0.94737   0.89256        57
                          3_Chair    0.88710   0.94828   0.91667        58
             40_Shoulder-Pressing    0.81250   0.68421   0.74286        19
                      41_Cockerel    0.90476   0.79167   0.84444        24
                         42_Scale    1.00000   0.83333   0.90909        30
                       43_Firefly    0.69697   0.82143   0.75410        28
               44_Side_Crane_Crow    0.73333   0.73333   0.73333        30
                   45_Eight-Angle    0.69231   0.60000   0.64286        15
                46_Sage_Koundinya    0.81250   0.61905   0.70270        21
                     47_Handstand    0.85366   0.94595   0.89744        37
                     48_Headstand    0.83333   0.95238   0.88889        63
                 49_Shoulderstand    1.00000   0.91892   0.95775        37
          4_Standing_Forward_Bend    0.90805   0.97531   0.94048        81
             50_Feathered_Peacock    0.91111   0.82000   0.86316        50
              51_Legs-Up-the-Wall    0.94444   0.89474   0.91892        38
                          52_Plow    0.98077   1.00000   0.99029        51
                      53_Scorpion    0.90625   0.74359   0.81690        39
                        54_Corpse    0.87931   0.91071   0.89474        56
                          55_Fish    0.92308   0.88889   0.90566        54
                    56_Happy_Baby    0.90000   0.81818   0.85714        22
     57_Reclining_Hand-to-Big-Toe    0.88462   0.79310   0.83636        29
                58_Wind_Relieving    0.82759   0.85714   0.84211        28
             59_Reclining_cobbler    0.87719   0.83333   0.85470        60
       5_Wide-Legged_Forward_Bend    0.90566   0.90566   0.90566        53
                60_Reclining_hero    0.90196   0.86792   0.88462        53
                   61_Yogic_sleep    0.00000   0.00000   0.00000         3
                         62_Cobra    0.98582   0.93289   0.95862       149
                          63_Frog    1.00000   0.89286   0.94340        28
                        64_Locust    0.90476   0.88372   0.89412        43
                         65_Child    0.96721   0.96721   0.96721        61
                66_Extended_Puppy    1.00000   1.00000   1.00000        18
       67_Side-Reclining_Leg_Lift    0.91667   0.91667   0.91667        12
                    68_Side_Plank    0.85507   0.92188   0.88722        64
                 69_Dolphin_Plank    1.00000   1.00000   1.00000         9
                        6_Dolphin    1.00000   0.90909   0.95238        11
   70_Low_Plank_Four-Limbed_Staff    0.88235   0.91837   0.90000        49
                         71_Plank    0.94118   1.00000   0.96970        16
                       72_Peacock    0.87500   0.80769   0.84000        26
                    73_Upward_Bow    0.96923   0.92647   0.94737        68
  74_Upward_Facing_Two-Foot_Staff    0.87500   0.93333   0.90323        15
                  75_Upward_Plank    0.89362   0.95455   0.92308        44
                        76_Pigeon    0.88889   0.80000   0.84211        10
                        77_Bridge    0.96000   0.94118   0.95050        51
                    78_Wild_Thing    0.93939   0.83784   0.88571        37
                    79_Camel_Pose    0.96825   0.96825   0.96825        63
            7_Downward-Facing_Dog    0.91228   0.98113   0.94545        53
                       80_Cat_Cow    1.00000   1.00000   1.00000        88
                          81_Boat    0.96000   0.92308   0.94118        78
                           82_Bow    0.92683   0.95000   0.93827        40
           8_Intense_Side_Stretch    0.84615   0.81481   0.83019        27
                      9_Half_Moon    0.90164   0.96491   0.93220        57

                         accuracy                        0.89556      3562
                        macro avg    0.87440   0.84938   0.85721      3562
                     weighted avg    0.89701   0.89556   0.89343      3562
