                                   precision    recall  f1-score   support

    10_Extended_Revolved_Triangle    0.94872   0.98230   0.96522       113
  11_Extended_Revolved_Side_Angle    0.96296   0.92035   0.94118       113
                          12_Gate    0.90323   0.96552   0.93333        29
                     13_Warrior_I    0.82353   0.82353   0.82353        34
               14_Reverse_Warrior    0.86667   0.78788   0.82540        33
                     15_Low_Lunge    0.80769   0.77778   0.79245        54
                    16_Warrior_II    0.96491   0.94828   0.95652        58
                   17_Warrior_III    0.84615   0.94286   0.89189        35
             18_Lord_of_the_Dance    0.96774   0.86957   0.91603        69
         19_Standing_big_toe_hold    0.75758   0.80645   0.78125        31
                          1_Eagle    0.72727   0.96552   0.82963        58
                20_Standing_Split    0.88235   0.68182   0.76923        22
                       21_Sitting    0.80769   0.85135   0.82895        74
                   22_Bound_Angle    0.74074   0.75472   0.74766        53
                       23_Garland    0.68519   0.86047   0.76289        43
                         24_Staff    0.66667   1.00000   0.80000        16
                         25_Noose    1.00000   0.25000   0.40000         8
                      26_Cow_Face    0.79245   0.77778   0.78505        54
          27_Hero_and_thunderbolt    0.75000   0.94521   0.83636        73
             28_Bharadvajas_Twist    0.50000   0.33333   0.40000        12
       29_Half_Lord_of_the_Fishes    0.77027   0.89062   0.82609        64
                           2_Tree    0.92453   0.96078   0.94231        51
                         30_Split    0.88889   0.90323   0.89600        62
31_Wide-Angle_Seated_Forward_Bend    0.55556   0.20833   0.30303        24
     32_Head-to-Knee_Forward_Bend    0.85000   0.62963   0.72340        27
         33_Revolved_Head-to-Knee    0.85714   0.93750   0.89552        32
           34_Seated_Forward_Bend    0.90000   0.91525   0.90756        59
                      35_Tortoise    0.33333   0.11765   0.17391        17
                  36_Shooting_bow    0.73333   0.73333   0.73333        15
                         37_Heron    0.88000   0.78571   0.83019        28
                   38_King_Pigeon    0.81633   0.83333   0.82474        48
                    39_Crane_Crow    0.88333   0.92982   0.90598        57
                          3_Chair    0.84746   0.86207   0.85470        58
             40_Shoulder-Pressing    0.72222   0.68421   0.70270        19
                      41_Cockerel    0.66667   0.75000   0.70588        24
                         42_Scale    0.85714   0.80000   0.82759        30
                       43_Firefly    0.70370   0.67857   0.69091        28
               44_Side_Crane_Crow    0.66667   0.73333   0.69841        30
                   45_Eight-Angle    0.83333   0.66667   0.74074        15
                46_Sage_Koundinya    0.68421   0.61905   0.65000        21
                     47_Handstand    0.81481   0.59459   0.68750        37
                     48_Headstand    0.81538   0.84127   0.82813        63
                 49_Shoulderstand    0.97143   0.91892   0.94444        37
          4_Standing_Forward_Bend    0.89655   0.96296   0.92857        81
             50_Feathered_Peacock    0.71429   0.80000   0.75472        50
              51_Legs-Up-the-Wall    0.94737   0.94737   0.94737        38
                          52_Plow    0.96226   1.00000   0.98077        51
                      53_Scorpion    0.81579   0.79487   0.80519        39
                        54_Corpse    0.87500   0.87500   0.87500        56
                          55_Fish    0.82927   0.62963   0.71579        54
                    56_Happy_Baby    0.95000   0.86364   0.90476        22
     57_Reclining_Hand-to-Big-Toe    0.82609   0.65517   0.73077        29
                58_Wind_Relieving    0.82143   0.82143   0.82143        28
             59_Reclining_cobbler    0.78182   0.71667   0.74783        60
       5_Wide-Legged_Forward_Bend    0.92157   0.88679   0.90385        53
                60_Reclining_hero    0.86792   0.86792   0.86792        53
                   61_Yogic_sleep    0.00000   0.00000   0.00000         3
                         62_Cobra    0.97887   0.93289   0.95533       149
                          63_Frog    0.95833   0.82143   0.88462        28
                        64_Locust    0.72222   0.90698   0.80412        43
                         65_Child    0.86364   0.93443   0.89764        61
                66_Extended_Puppy    1.00000   1.00000   1.00000        18
       67_Side-Reclining_Leg_Lift    0.73333   0.91667   0.81481        12
                    68_Side_Plank    0.87500   0.87500   0.87500        64
                 69_Dolphin_Plank    0.88889   0.88889   0.88889         9
                        6_Dolphin    0.90000   0.81818   0.85714        11
   70_Low_Plank_Four-Limbed_Staff    0.86275   0.89796   0.88000        49
                         71_Plank    0.88889   1.00000   0.94118        16
                       72_Peacock    0.82609   0.73077   0.77551        26
                    73_Upward_Bow    0.96610   0.83824   0.89764        68
  74_Upward_Facing_Two-Foot_Staff    0.93750   1.00000   0.96774        15
                  75_Upward_Plank    0.82000   0.93182   0.87234        44
                        76_Pigeon    0.81818   0.90000   0.85714        10
                        77_Bridge    0.92453   0.96078   0.94231        51
                    78_Wild_Thing    0.87097   0.72973   0.79412        37
                    79_Camel_Pose    0.95238   0.95238   0.95238        63
            7_Downward-Facing_Dog    0.88333   1.00000   0.93805        53
                       80_Cat_Cow    0.96703   1.00000   0.98324        88
                          81_Boat    0.92857   0.83333   0.87838        78
                           82_Bow    0.90000   0.90000   0.90000        40
           8_Intense_Side_Stretch    0.88462   0.85185   0.86792        27
                      9_Half_Moon    0.94643   0.92982   0.93805        57

                         accuracy                        0.85935      3562
                        macro avg    0.82786   0.81233   0.81253      3562
                     weighted avg    0.86010   0.85935   0.85582      3562
