                                   precision    recall  f1-score   support

                          1_Eagle    0.93478   1.00000   0.96629        43
                           2_Tree    0.95122   0.95122   0.95122        41
                          3_Chair    0.89796   1.00000   0.94624        44
          4_Standing_Forward_Bend    0.89062   0.96610   0.92683        59
       5_Wide-Legged_Forward_Bend    0.90476   0.88372   0.89412        43
                        6_Dolphin    0.85714   0.85714   0.85714         7
            7_Downward-Facing_Dog    0.91489   1.00000   0.95556        43
           8_Intense_Side_Stretch    0.90000   0.85714   0.87805        21
                      9_Half_Moon    0.91667   1.00000   0.95652        44
    10_Extended_Revolved_Triangle    0.93407   0.98837   0.96045        86
  11_Extended_Revolved_Side_Angle    0.98718   0.89535   0.93902        86
                          12_Gate    0.95455   0.95455   0.95455        22
                     13_Warrior_I    0.86957   0.80000   0.83333        25
               14_Reverse_Warrior    0.90000   0.72000   0.80000        25
                     15_Low_Lunge    0.75000   0.87805   0.80899        41
                    16_Warrior_II    0.93182   0.97619   0.95349        42
                   17_Warrior_III    1.00000   0.89286   0.94340        28
             18_Lord_of_the_Dance    0.98000   0.89091   0.93333        55
         19_Standing_big_toe_hold    0.74074   0.83333   0.78431        24
                20_Standing_Split    0.69231   0.52941   0.60000        17
                       21_Sitting    0.74627   0.90909   0.81967        55
                   22_Bound_Angle    0.80952   0.82927   0.81928        41
                       23_Garland    0.81081   0.88235   0.84507        34
                         24_Staff    0.68750   1.00000   0.81481        11
                         25_Noose    1.00000   0.66667   0.80000         6
                      26_Cow_Face    0.83784   0.75610   0.79487        41
          27_Hero_and_thunderbolt    0.78261   0.93103   0.85039        58
             28_Bharadvajas_Twist    0.75000   0.66667   0.70588         9
       29_Half_Lord_of_the_Fishes    0.84314   0.87755   0.86000        49
                         30_Split    0.86792   0.93878   0.90196        49
31_Wide-Angle_Seated_Forward_Bend    0.66667   0.20000   0.30769        20
     32_Head-to-Knee_Forward_Bend    0.90909   0.45455   0.60606        22
         33_Revolved_Head-to-Knee    0.92593   0.96154   0.94340        26
           34_Seated_Forward_Bend    0.82692   0.93478   0.87755        46
                      35_Tortoise    0.44444   0.36364   0.40000        11
                  36_Shooting_bow    0.64286   0.69231   0.66667        13
                         37_Heron    0.93750   0.75000   0.83333        20
                   38_King_Pigeon    0.88571   0.88571   0.88571        35
                    39_Crane_Crow    0.81034   0.97917   0.88679        48
             40_Shoulder-Pressing    0.81818   0.60000   0.69231        15
                      41_Cockerel    0.68750   0.57895   0.62857        19
                         42_Scale    1.00000   0.73913   0.85000        23
                       43_Firefly    0.65217   0.68182   0.66667        22
               44_Side_Crane_Crow    0.76923   0.76923   0.76923        26
                   45_Eight-Angle    0.88889   0.57143   0.69565        14
                46_Sage_Koundinya    0.75000   0.56250   0.64286        16
                     47_Handstand    0.92000   0.74194   0.82143        31
                     48_Headstand    0.68182   0.95745   0.79646        47
                 49_Shoulderstand    1.00000   0.86207   0.92593        29
             50_Feathered_Peacock    0.91176   0.81579   0.86111        38
              51_Legs-Up-the-Wall    0.88889   0.88889   0.88889        27
                          52_Plow    0.95455   1.00000   0.97674        42
                      53_Scorpion    0.91667   0.68750   0.78571        32
                        54_Corpse    0.83333   0.87500   0.85366        40
                          55_Fish    0.91892   0.89474   0.90667        38
                    56_Happy_Baby    1.00000   0.81250   0.89655        16
     57_Reclining_Hand-to-Big-Toe    0.82609   0.86364   0.84444        22
                58_Wind_Relieving    0.78261   0.81818   0.80000        22
             59_Reclining_cobbler    0.97674   0.82353   0.89362        51
                60_Reclining_hero    0.90476   0.86364   0.88372        44
                   61_Yogic_sleep    0.00000   0.00000   0.00000         2
                         62_Cobra    0.94690   0.93860   0.94273       114
                          63_Frog    1.00000   0.85000   0.91892        20
                        64_Locust    0.87879   0.85294   0.86567        34
                         65_Child    0.89583   0.97727   0.93478        44
                66_Extended_Puppy    1.00000   1.00000   1.00000        15
       67_Side-Reclining_Leg_Lift    0.90909   1.00000   0.95238        10
                    68_Side_Plank    0.92857   0.86667   0.89655        45
                 69_Dolphin_Plank    1.00000   1.00000   1.00000         5
   70_Low_Plank_Four-Limbed_Staff    0.88095   0.92500   0.90244        40
                         71_Plank    1.00000   0.91667   0.95652        12
                       72_Peacock    0.80952   0.85000   0.82927        20
                    73_Upward_Bow    0.92453   0.92453   0.92453        53
  74_Upward_Facing_Two-Foot_Staff    1.00000   0.90909   0.95238        11
                  75_Upward_Plank    0.84615   1.00000   0.91667        33
                        76_Pigeon    0.85714   1.00000   0.92308         6
                        77_Bridge    0.95000   0.95000   0.95000        40
                    78_Wild_Thing    0.89286   0.89286   0.89286        28
                    79_Camel_Pose    0.97917   0.97917   0.97917        48
                       80_Cat_Cow    0.97183   1.00000   0.98571        69
                          81_Boat    0.96296   0.91228   0.93694        57
                           82_Bow    0.93333   1.00000   0.96552        28

                         accuracy                        0.88276      2738
                        macro avg    0.86272   0.83788   0.84352      2738
                     weighted avg    0.88616   0.88276   0.87966      2738
