                                   precision    recall  f1-score   support

                          1_Eagle    0.76786   1.00000   0.86869        43
                           2_Tree    0.88636   0.95122   0.91765        41
                          3_Chair    0.84783   0.88636   0.86667        44
          4_Standing_Forward_Bend    0.84848   0.94915   0.89600        59
       5_Wide-Legged_Forward_Bend    0.95000   0.88372   0.91566        43
                        6_Dolphin    0.77778   1.00000   0.87500         7
            7_Downward-Facing_Dog    0.84000   0.97674   0.90323        43
           8_Intense_Side_Stretch    0.87500   0.66667   0.75676        21
                      9_Half_Moon    0.90698   0.88636   0.89655        44
    10_Extended_Revolved_Triangle    0.87755   1.00000   0.93478        86
  11_Extended_Revolved_Side_Angle    0.97468   0.89535   0.93333        86
                          12_Gate    0.95455   0.95455   0.95455        22
                     13_Warrior_I    0.86957   0.80000   0.83333        25
               14_Reverse_Warrior    0.90000   0.72000   0.80000        25
                     15_Low_Lunge    0.76744   0.80488   0.78571        41
                    16_Warrior_II    0.92857   0.92857   0.92857        42
                   17_Warrior_III    0.80645   0.89286   0.84746        28
             18_Lord_of_the_Dance    0.98000   0.89091   0.93333        55
         19_Standing_big_toe_hold    0.81818   0.75000   0.78261        24
                20_Standing_Split    0.90909   0.58824   0.71429        17
                       21_Sitting    0.80769   0.76364   0.78505        55
                   22_Bound_Angle    0.84211   0.78049   0.81013        41
                       23_Garland    0.66667   0.88235   0.75949        34
                         24_Staff    0.60000   0.81818   0.69231        11
                         25_Noose    1.00000   0.33333   0.50000         6
                      26_Cow_Face    0.72727   0.78049   0.75294        41
          27_Hero_and_thunderbolt    0.79104   0.91379   0.84800        58
             28_Bharadvajas_Twist    0.44444   0.44444   0.44444         9
       29_Half_Lord_of_the_Fishes    0.81633   0.81633   0.81633        49
                         30_Split    0.83636   0.93878   0.88462        49
31_Wide-Angle_Seated_Forward_Bend    0.83333   0.25000   0.38462        20
     32_Head-to-Knee_Forward_Bend    0.87500   0.63636   0.73684        22
         33_Revolved_Head-to-Knee    0.89286   0.96154   0.92593        26
           34_Seated_Forward_Bend    0.84314   0.93478   0.88660        46
                      35_Tortoise    1.00000   0.18182   0.30769        11
                  36_Shooting_bow    0.77778   0.53846   0.63636        13
                         37_Heron    0.71429   0.75000   0.73171        20
                   38_King_Pigeon    0.79487   0.88571   0.83784        35
                    39_Crane_Crow    0.88679   0.97917   0.93069        48
             40_Shoulder-Pressing    0.66667   0.80000   0.72727        15
                      41_Cockerel    0.82353   0.73684   0.77778        19
                         42_Scale    0.82609   0.82609   0.82609        23
                       43_Firefly    0.75000   0.68182   0.71429        22
               44_Side_Crane_Crow    0.89474   0.65385   0.75556        26
                   45_Eight-Angle    0.80000   0.57143   0.66667        14
                46_Sage_Koundinya    0.66667   0.75000   0.70588        16
                     47_Handstand    0.82143   0.74194   0.77966        31
                     48_Headstand    0.82692   0.91489   0.86869        47
                 49_Shoulderstand    0.86667   0.89655   0.88136        29
             50_Feathered_Peacock    0.87500   0.92105   0.89744        38
              51_Legs-Up-the-Wall    0.96154   0.92593   0.94340        27
                          52_Plow    0.97674   1.00000   0.98824        42
                      53_Scorpion    0.88889   0.75000   0.81356        32
                        54_Corpse    0.86842   0.82500   0.84615        40
                          55_Fish    0.85294   0.76316   0.80556        38
                    56_Happy_Baby    1.00000   0.87500   0.93333        16
     57_Reclining_Hand-to-Big-Toe    0.71429   0.68182   0.69767        22
                58_Wind_Relieving    0.88889   0.72727   0.80000        22
             59_Reclining_cobbler    0.87234   0.80392   0.83673        51
                60_Reclining_hero    0.92683   0.86364   0.89412        44
                   61_Yogic_sleep    0.00000   0.00000   0.00000         2
                         62_Cobra    0.96330   0.92105   0.94170       114
                          63_Frog    1.00000   0.80000   0.88889        20
                        64_Locust    0.81579   0.91176   0.86111        34
                         65_Child    0.87500   0.95455   0.91304        44
                66_Extended_Puppy    1.00000   1.00000   1.00000        15
       67_Side-Reclining_Leg_Lift    0.71429   1.00000   0.83333        10
                    68_Side_Plank    0.90476   0.84444   0.87356        45
                 69_Dolphin_Plank    0.83333   1.00000   0.90909         5
   70_Low_Plank_Four-Limbed_Staff    0.89744   0.87500   0.88608        40
                         71_Plank    0.80000   1.00000   0.88889        12
                       72_Peacock    0.77273   0.85000   0.80952        20
                    73_Upward_Bow    0.95652   0.83019   0.88889        53
  74_Upward_Facing_Two-Foot_Staff    0.76923   0.90909   0.83333        11
                  75_Upward_Plank    0.78378   0.87879   0.82857        33
                        76_Pigeon    0.75000   1.00000   0.85714         6
                        77_Bridge    0.82222   0.92500   0.87059        40
                    78_Wild_Thing    0.91304   0.75000   0.82353        28
                    79_Camel_Pose    0.97917   0.97917   0.97917        48
                       80_Cat_Cow    0.98571   1.00000   0.99281        69
                          81_Boat    0.88136   0.91228   0.89655        57
                           82_Bow    0.89286   0.89286   0.89286        28

                         accuracy                        0.86158      2738
                        macro avg    0.83799   0.81658   0.81517      2738
                     weighted avg    0.86667   0.86158   0.85816      2738
