                                   precision    recall  f1-score   support

                          1_Eagle    0.93478   1.00000   0.96629        43
                           2_Tree    0.88636   0.95122   0.91765        41
                          3_Chair    0.87234   0.93182   0.90110        44
          4_Standing_Forward_Bend    0.89062   0.96610   0.92683        59
       5_Wide-Legged_Forward_Bend    0.90476   0.88372   0.89412        43
                        6_Dolphin    0.87500   1.00000   0.93333         7
            7_Downward-Facing_Dog    0.89583   1.00000   0.94505        43
           8_Intense_Side_Stretch    0.80952   0.80952   0.80952        21
                      9_Half_Moon    0.91667   1.00000   0.95652        44
    10_Extended_Revolved_Triangle    0.92222   0.96512   0.94318        86
  11_Extended_Revolved_Side_Angle    0.89412   0.88372   0.88889        86
                          12_Gate    1.00000   0.90909   0.95238        22
                     13_Warrior_I    0.86957   0.80000   0.83333        25
               14_Reverse_Warrior    0.78947   0.60000   0.68182        25
                     15_Low_Lunge    0.77551   0.92683   0.84444        41
                    16_Warrior_II    0.89130   0.97619   0.93182        42
                   17_Warrior_III    0.96154   0.89286   0.92593        28
             18_Lord_of_the_Dance    0.90566   0.87273   0.88889        55
         19_Standing_big_toe_hold    0.67742   0.87500   0.76364        24
                20_Standing_Split    1.00000   0.58824   0.74074        17
                       21_Sitting    0.76119   0.92727   0.83607        55
                   22_Bound_Angle    0.79545   0.85366   0.82353        41
                       23_Garland    0.80556   0.85294   0.82857        34
                         24_Staff    0.90000   0.81818   0.85714        11
                         25_Noose    1.00000   0.50000   0.66667         6
                      26_Cow_Face    0.74419   0.78049   0.76190        41
          27_Hero_and_thunderbolt    0.82540   0.89655   0.85950        58
             28_Bharadvajas_Twist    1.00000   0.33333   0.50000         9
       29_Half_Lord_of_the_Fishes    0.77358   0.83673   0.80392        49
                         30_Split    0.90196   0.93878   0.92000        49
31_Wide-Angle_Seated_Forward_Bend    0.83333   0.25000   0.38462        20
     32_Head-to-Knee_Forward_Bend    0.93333   0.63636   0.75676        22
         33_Revolved_Head-to-Knee    0.92593   0.96154   0.94340        26
           34_Seated_Forward_Bend    0.79630   0.93478   0.86000        46
                      35_Tortoise    0.50000   0.27273   0.35294        11
                  36_Shooting_bow    0.80000   0.61538   0.69565        13
                         37_Heron    0.84211   0.80000   0.82051        20
                   38_King_Pigeon    0.88235   0.85714   0.86957        35
                    39_Crane_Crow    0.86792   0.95833   0.91089        48
             40_Shoulder-Pressing    0.71429   0.66667   0.68966        15
                      41_Cockerel    0.81250   0.68421   0.74286        19
                         42_Scale    0.95000   0.82609   0.88372        23
                       43_Firefly    0.62500   0.68182   0.65217        22
               44_Side_Crane_Crow    0.65385   0.65385   0.65385        26
                   45_Eight-Angle    0.66667   0.57143   0.61538        14
                46_Sage_Koundinya    0.85714   0.75000   0.80000        16
                     47_Handstand    0.90909   0.64516   0.75472        31
                     48_Headstand    0.70312   0.95745   0.81081        47
                 49_Shoulderstand    1.00000   0.93103   0.96429        29
             50_Feathered_Peacock    0.97143   0.89474   0.93151        38
              51_Legs-Up-the-Wall    0.96000   0.88889   0.92308        27
                          52_Plow    0.97674   1.00000   0.98824        42
                      53_Scorpion    0.92308   0.75000   0.82759        32
                        54_Corpse    0.84091   0.92500   0.88095        40
                          55_Fish    0.87179   0.89474   0.88312        38
                    56_Happy_Baby    1.00000   0.81250   0.89655        16
     57_Reclining_Hand-to-Big-Toe    0.80952   0.77273   0.79070        22
                58_Wind_Relieving    0.80952   0.77273   0.79070        22
             59_Reclining_cobbler    0.93023   0.78431   0.85106        51
                60_Reclining_hero    0.95000   0.86364   0.90476        44
                   61_Yogic_sleep    0.00000   0.00000   0.00000         2
                         62_Cobra    0.97273   0.93860   0.95536       114
                          63_Frog    0.94444   0.85000   0.89474        20
                        64_Locust    0.93548   0.85294   0.89231        34
                         65_Child    0.93478   0.97727   0.95556        44
                66_Extended_Puppy    1.00000   1.00000   1.00000        15
       67_Side-Reclining_Leg_Lift    0.75000   0.90000   0.81818        10
                    68_Side_Plank    0.89130   0.91111   0.90110        45
                 69_Dolphin_Plank    1.00000   1.00000   1.00000         5
   70_Low_Plank_Four-Limbed_Staff    0.92500   0.92500   0.92500        40
                         71_Plank    1.00000   1.00000   1.00000        12
                       72_Peacock    0.80000   0.80000   0.80000        20
                    73_Upward_Bow    0.96154   0.94340   0.95238        53
  74_Upward_Facing_Two-Foot_Staff    1.00000   0.72727   0.84211        11
                  75_Upward_Plank    0.84615   1.00000   0.91667        33
                        76_Pigeon    0.85714   1.00000   0.92308         6
                        77_Bridge    1.00000   0.95000   0.97436        40
                    78_Wild_Thing    0.92000   0.82143   0.86792        28
                    79_Camel_Pose    1.00000   0.97917   0.98947        48
                       80_Cat_Cow    0.97183   1.00000   0.98571        69
                          81_Boat    0.91379   0.92982   0.92174        57
                           82_Bow    0.87097   0.96429   0.91525        28

                         accuracy                        0.87947      2738
                        macro avg    0.86575   0.82992   0.83858      2738
                     weighted avg    0.88327   0.87947   0.87629      2738
