                                   precision    recall  f1-score   support

                          1_Eagle    0.75439   1.00000   0.86000        43
                           2_Tree    0.88636   0.95122   0.91765        41
                          3_Chair    0.86364   0.86364   0.86364        44
          4_Standing_Forward_Bend    0.86364   0.96610   0.91200        59
       5_Wide-Legged_Forward_Bend    0.95000   0.88372   0.91566        43
                        6_Dolphin    0.42857   0.85714   0.57143         7
            7_Downward-Facing_Dog    0.84091   0.86047   0.85057        43
           8_Intense_Side_Stretch    0.87500   0.66667   0.75676        21
                      9_Half_Moon    0.90476   0.86364   0.88372        44
    10_Extended_Revolved_Triangle    0.90217   0.96512   0.93258        86
  11_Extended_Revolved_Side_Angle    0.92771   0.89535   0.91124        86
                          12_Gate    0.87500   0.95455   0.91304        22
                     13_Warrior_I    0.84000   0.84000   0.84000        25
               14_Reverse_Warrior    0.83333   0.60000   0.69767        25
                     15_Low_Lunge    0.73333   0.80488   0.76744        41
                    16_Warrior_II    0.95238   0.95238   0.95238        42
                   17_Warrior_III    0.71429   0.89286   0.79365        28
             18_Lord_of_the_Dance    0.98000   0.89091   0.93333        55
         19_Standing_big_toe_hold    0.82353   0.58333   0.68293        24
                20_Standing_Split    0.87500   0.41176   0.56000        17
                       21_Sitting    0.83636   0.83636   0.83636        55
                   22_Bound_Angle    0.77500   0.75610   0.76543        41
                       23_Garland    0.67391   0.91176   0.77500        34
                         24_Staff    0.68750   1.00000   0.81481        11
                         25_Noose    1.00000   0.16667   0.28571         6
                      26_Cow_Face    0.61818   0.82927   0.70833        41
          27_Hero_and_thunderbolt    0.83607   0.87931   0.85714        58
             28_Bharadvajas_Twist    1.00000   0.44444   0.61538         9
       29_Half_Lord_of_the_Fishes    0.74545   0.83673   0.78846        49
                         30_Split    0.81132   0.87755   0.84314        49
31_Wide-Angle_Seated_Forward_Bend    0.50000   0.10000   0.16667        20
     32_Head-to-Knee_Forward_Bend    0.92308   0.54545   0.68571        22
         33_Revolved_Head-to-Knee    0.82759   0.92308   0.87273        26
           34_Seated_Forward_Bend    0.75439   0.93478   0.83495        46
                      35_Tortoise    0.33333   0.18182   0.23529        11
                  36_Shooting_bow    0.75000   0.69231   0.72000        13
                         37_Heron    0.68000   0.85000   0.75556        20
                   38_King_Pigeon    0.90323   0.80000   0.84848        35
                    39_Crane_Crow    0.88000   0.91667   0.89796        48
             40_Shoulder-Pressing    0.66667   0.66667   0.66667        15
                      41_Cockerel    0.75000   0.63158   0.68571        19
                         42_Scale    0.73077   0.82609   0.77551        23
                       43_Firefly    0.62500   0.68182   0.65217        22
               44_Side_Crane_Crow    0.65517   0.73077   0.69091        26
                   45_Eight-Angle    0.81818   0.64286   0.72000        14
                46_Sage_Koundinya    0.69231   0.56250   0.62069        16
                     47_Handstand    0.71053   0.87097   0.78261        31
                     48_Headstand    0.68966   0.85106   0.76190        47
                 49_Shoulderstand    0.96296   0.89655   0.92857        29
             50_Feathered_Peacock    0.88889   0.63158   0.73846        38
              51_Legs-Up-the-Wall    0.88889   0.88889   0.88889        27
                          52_Plow    0.97674   1.00000   0.98824        42
                      53_Scorpion    0.92308   0.75000   0.82759        32
                        54_Corpse    0.81818   0.90000   0.85714        40
                          55_Fish    0.83333   0.78947   0.81081        38
                    56_Happy_Baby    1.00000   0.87500   0.93333        16
     57_Reclining_Hand-to-Big-Toe    0.75000   0.54545   0.63158        22
                58_Wind_Relieving    0.77273   0.77273   0.77273        22
             59_Reclining_cobbler    0.85714   0.70588   0.77419        51
                60_Reclining_hero    0.90244   0.84091   0.87059        44
                   61_Yogic_sleep    0.00000   0.00000   0.00000         2
                         62_Cobra    0.99048   0.91228   0.94977       114
                          63_Frog    1.00000   0.85000   0.91892        20
                        64_Locust    0.90323   0.82353   0.86154        34
                         65_Child    0.91111   0.93182   0.92135        44
                66_Extended_Puppy    1.00000   1.00000   1.00000        15
       67_Side-Reclining_Leg_Lift    0.64286   0.90000   0.75000        10
                    68_Side_Plank    0.92105   0.77778   0.84337        45
                 69_Dolphin_Plank    0.71429   1.00000   0.83333         5
   70_Low_Plank_Four-Limbed_Staff    0.84615   0.82500   0.83544        40
                         71_Plank    1.00000   1.00000   1.00000        12
                       72_Peacock    0.68000   0.85000   0.75556        20
                    73_Upward_Bow    0.95918   0.88679   0.92157        53
  74_Upward_Facing_Two-Foot_Staff    0.90909   0.90909   0.90909        11
                  75_Upward_Plank    0.81081   0.90909   0.85714        33
                        76_Pigeon    0.75000   1.00000   0.85714         6
                        77_Bridge    0.90476   0.95000   0.92683        40
                    78_Wild_Thing    0.88462   0.82143   0.85185        28
                    79_Camel_Pose    0.97872   0.95833   0.96842        48
                       80_Cat_Cow    0.95833   1.00000   0.97872        69
                          81_Boat    0.89474   0.89474   0.89474        57
                           82_Bow    0.96296   0.92857   0.94545        28

                         accuracy                        0.84478      2738
                        macro avg    0.81579   0.79726   0.79246      2738
                     weighted avg    0.85094   0.84478   0.84093      2738
