                                   precision    recall  f1-score   support

                          1_Eagle    0.91489   1.00000   0.95556        43
                           2_Tree    0.95122   0.95122   0.95122        41
                          3_Chair    0.86000   0.97727   0.91489        44
          4_Standing_Forward_Bend    0.90476   0.96610   0.93443        59
       5_Wide-Legged_Forward_Bend    0.92857   0.90698   0.91765        43
                        6_Dolphin    0.87500   1.00000   0.93333         7
            7_Downward-Facing_Dog    0.89583   1.00000   0.94505        43
           8_Intense_Side_Stretch    0.85714   0.85714   0.85714        21
                      9_Half_Moon    0.93478   0.97727   0.95556        44
    10_Extended_Revolved_Triangle    0.90323   0.97674   0.93855        86
  11_Extended_Revolved_Side_Angle    0.92500   0.86047   0.89157        86
                          12_Gate    0.87500   0.95455   0.91304        22
                     13_Warrior_I    0.79310   0.92000   0.85185        25
               14_Reverse_Warrior    0.81818   0.72000   0.76596        25
                     15_Low_Lunge    0.88095   0.90244   0.89157        41
                    16_Warrior_II    0.93182   0.97619   0.95349        42
                   17_Warrior_III    0.96296   0.92857   0.94545        28
             18_Lord_of_the_Dance    0.96226   0.92727   0.94444        55
         19_Standing_big_toe_hold    0.76923   0.83333   0.80000        24
                20_Standing_Split    0.90909   0.58824   0.71429        17
                       21_Sitting    0.72059   0.89091   0.79675        55
                   22_Bound_Angle    0.91892   0.82927   0.87179        41
                       23_Garland    0.81081   0.88235   0.84507        34
                         24_Staff    0.78571   1.00000   0.88000        11
                         25_Noose    1.00000   0.66667   0.80000         6
                      26_Cow_Face    0.84615   0.80488   0.82500        41
          27_Hero_and_thunderbolt    0.81538   0.91379   0.86179        58
             28_Bharadvajas_Twist    0.71429   0.55556   0.62500         9
       29_Half_Lord_of_the_Fishes    0.85714   0.85714   0.85714        49
                         30_Split    0.86792   0.93878   0.90196        49
31_Wide-Angle_Seated_Forward_Bend    0.71429   0.50000   0.58824        20
     32_Head-to-Knee_Forward_Bend    0.81250   0.59091   0.68421        22
         33_Revolved_Head-to-Knee    1.00000   1.00000   1.00000        26
           34_Seated_Forward_Bend    0.84314   0.93478   0.88660        46
                      35_Tortoise    0.37500   0.27273   0.31579        11
                  36_Shooting_bow    0.72727   0.61538   0.66667        13
                         37_Heron    0.88235   0.75000   0.81081        20
                   38_King_Pigeon    0.94118   0.91429   0.92754        35
                    39_Crane_Crow    0.88462   0.95833   0.92000        48
             40_Shoulder-Pressing    0.83333   0.66667   0.74074        15
                      41_Cockerel    0.93333   0.73684   0.82353        19
                         42_Scale    1.00000   0.78261   0.87805        23
                       43_Firefly    0.65385   0.77273   0.70833        22
               44_Side_Crane_Crow    0.78261   0.69231   0.73469        26
                   45_Eight-Angle    0.90000   0.64286   0.75000        14
                46_Sage_Koundinya    0.80000   0.75000   0.77419        16
                     47_Handstand    0.89655   0.83871   0.86667        31
                     48_Headstand    0.77586   0.95745   0.85714        47
                 49_Shoulderstand    1.00000   0.93103   0.96429        29
             50_Feathered_Peacock    0.96970   0.84211   0.90141        38
              51_Legs-Up-the-Wall    0.88889   0.88889   0.88889        27
                          52_Plow    0.97674   1.00000   0.98824        42
                      53_Scorpion    0.89286   0.78125   0.83333        32
                        54_Corpse    0.81395   0.87500   0.84337        40
                          55_Fish    0.92105   0.92105   0.92105        38
                    56_Happy_Baby    0.92857   0.81250   0.86667        16
     57_Reclining_Hand-to-Big-Toe    0.81818   0.81818   0.81818        22
                58_Wind_Relieving    0.85000   0.77273   0.80952        22
             59_Reclining_cobbler    0.93023   0.78431   0.85106        51
                60_Reclining_hero    1.00000   0.86364   0.92683        44
                   61_Yogic_sleep    0.00000   0.00000   0.00000         2
                         62_Cobra    0.98165   0.93860   0.95964       114
                          63_Frog    1.00000   0.90000   0.94737        20
                        64_Locust    0.88235   0.88235   0.88235        34
                         65_Child    0.93478   0.97727   0.95556        44
                66_Extended_Puppy    1.00000   1.00000   1.00000        15
       67_Side-Reclining_Leg_Lift    0.71429   1.00000   0.83333        10
                    68_Side_Plank    0.85417   0.91111   0.88172        45
                 69_Dolphin_Plank    1.00000   1.00000   1.00000         5
   70_Low_Plank_Four-Limbed_Staff    0.92500   0.92500   0.92500        40
                         71_Plank    1.00000   1.00000   1.00000        12
                       72_Peacock    0.82609   0.95000   0.88372        20
                    73_Upward_Bow    1.00000   0.92453   0.96078        53
  74_Upward_Facing_Two-Foot_Staff    1.00000   1.00000   1.00000        11
                  75_Upward_Plank    0.82051   0.96970   0.88889        33
                        76_Pigeon    0.85714   1.00000   0.92308         6
                        77_Bridge    0.95122   0.97500   0.96296        40
                    78_Wild_Thing    0.91667   0.78571   0.84615        28
                    79_Camel_Pose    0.95918   0.97917   0.96907        48
                       80_Cat_Cow    0.97183   1.00000   0.98571        69
                          81_Boat    0.96364   0.92982   0.94643        57
                           82_Bow    0.96296   0.92857   0.94545        28

                         accuracy                        0.89335      2738
                        macro avg    0.87143   0.85619   0.85955      2738
                     weighted avg    0.89547   0.89335   0.89157      2738
