                                   precision    recall  f1-score   support

                          1_Eagle    0.69355   1.00000   0.81905        43
                           2_Tree    0.84444   0.92683   0.88372        41
                          3_Chair    0.85366   0.79545   0.82353        44
          4_Standing_Forward_Bend    0.88710   0.93220   0.90909        59
       5_Wide-Legged_Forward_Bend    0.88636   0.90698   0.89655        43
                        6_Dolphin    0.87500   1.00000   0.93333         7
            7_Downward-Facing_Dog    0.87755   1.00000   0.93478        43
           8_Intense_Side_Stretch    0.83333   0.71429   0.76923        21
                      9_Half_Moon    0.95349   0.93182   0.94253        44
    10_Extended_Revolved_Triangle    0.91111   0.95349   0.93182        86
  11_Extended_Revolved_Side_Angle    0.91667   0.89535   0.90588        86
                          12_Gate    0.91304   0.95455   0.93333        22
                     13_Warrior_I    0.84000   0.84000   0.84000        25
               14_Reverse_Warrior    0.90000   0.72000   0.80000        25
                     15_Low_Lunge    0.74419   0.78049   0.76190        41
                    16_Warrior_II    0.95122   0.92857   0.93976        42
                   17_Warrior_III    0.78125   0.89286   0.83333        28
             18_Lord_of_the_Dance    0.94231   0.89091   0.91589        55
         19_Standing_big_toe_hold    0.76190   0.66667   0.71111        24
                20_Standing_Split    0.77778   0.41176   0.53846        17
                       21_Sitting    0.84000   0.76364   0.80000        55
                   22_Bound_Angle    0.75000   0.80488   0.77647        41
                       23_Garland    0.61702   0.85294   0.71605        34
                         24_Staff    0.71429   0.90909   0.80000        11
                         25_Noose    1.00000   0.16667   0.28571         6
                      26_Cow_Face    0.82500   0.80488   0.81481        41
          27_Hero_and_thunderbolt    0.80000   0.89655   0.84553        58
             28_Bharadvajas_Twist    0.55556   0.55556   0.55556         9
       29_Half_Lord_of_the_Fishes    0.79630   0.87755   0.83495        49
                         30_Split    0.78571   0.89796   0.83810        49
31_Wide-Angle_Seated_Forward_Bend    0.50000   0.05000   0.09091        20
     32_Head-to-Knee_Forward_Bend    0.86667   0.59091   0.70270        22
         33_Revolved_Head-to-Knee    0.89286   0.96154   0.92593        26
           34_Seated_Forward_Bend    0.82353   0.91304   0.86598        46
                      35_Tortoise    0.50000   0.18182   0.26667        11
                  36_Shooting_bow    0.75000   0.69231   0.72000        13
                         37_Heron    0.61905   0.65000   0.63415        20
                   38_King_Pigeon    0.78378   0.82857   0.80556        35
                    39_Crane_Crow    0.97727   0.89583   0.93478        48
             40_Shoulder-Pressing    0.76923   0.66667   0.71429        15
                      41_Cockerel    0.88889   0.84211   0.86486        19
                         42_Scale    0.83333   0.86957   0.85106        23
                       43_Firefly    0.65385   0.77273   0.70833        22
               44_Side_Crane_Crow    0.73077   0.73077   0.73077        26
                   45_Eight-Angle    0.80000   0.57143   0.66667        14
                46_Sage_Koundinya    0.66667   0.75000   0.70588        16
                     47_Handstand    0.79167   0.61290   0.69091        31
                     48_Headstand    0.60870   0.89362   0.72414        47
                 49_Shoulderstand    0.84375   0.93103   0.88525        29
             50_Feathered_Peacock    0.75758   0.65789   0.70423        38
              51_Legs-Up-the-Wall    0.89286   0.92593   0.90909        27
                          52_Plow    0.97619   0.97619   0.97619        42
                      53_Scorpion    0.91667   0.68750   0.78571        32
                        54_Corpse    0.91892   0.85000   0.88312        40
                          55_Fish    0.88571   0.81579   0.84932        38
                    56_Happy_Baby    1.00000   0.87500   0.93333        16
     57_Reclining_Hand-to-Big-Toe    0.76471   0.59091   0.66667        22
                58_Wind_Relieving    0.73913   0.77273   0.75556        22
             59_Reclining_cobbler    0.82609   0.74510   0.78351        51
                60_Reclining_hero    0.97436   0.86364   0.91566        44
                   61_Yogic_sleep    0.00000   0.00000   0.00000         2
                         62_Cobra    0.99048   0.91228   0.94977       114
                          63_Frog    0.84211   0.80000   0.82051        20
                        64_Locust    0.82857   0.85294   0.84058        34
                         65_Child    0.89583   0.97727   0.93478        44
                66_Extended_Puppy    1.00000   1.00000   1.00000        15
       67_Side-Reclining_Leg_Lift    0.66667   1.00000   0.80000        10
                    68_Side_Plank    0.94444   0.75556   0.83951        45
                 69_Dolphin_Plank    1.00000   0.20000   0.33333         5
   70_Low_Plank_Four-Limbed_Staff    0.77778   0.87500   0.82353        40
                         71_Plank    0.92308   1.00000   0.96000        12
                       72_Peacock    0.80000   0.80000   0.80000        20
                    73_Upward_Bow    0.97917   0.88679   0.93069        53
  74_Upward_Facing_Two-Foot_Staff    1.00000   0.90909   0.95238        11
                  75_Upward_Plank    0.78049   0.96970   0.86486        33
                        76_Pigeon    0.75000   1.00000   0.85714         6
                        77_Bridge    0.88636   0.97500   0.92857        40
                    78_Wild_Thing    0.85185   0.82143   0.83636        28
                    79_Camel_Pose    0.97917   0.97917   0.97917        48
                       80_Cat_Cow    0.97183   1.00000   0.98571        69
                          81_Boat    0.90741   0.85965   0.88288        57
                           82_Bow    0.90000   0.96429   0.93103        28

                         accuracy                        0.84879      2738
                        macro avg    0.82263   0.79726   0.79503      2738
                     weighted avg    0.85289   0.84879   0.84409      2738
