                                   precision    recall  f1-score   support

    10_Extended_Revolved_Triangle    0.89683   1.00000   0.94561       113
  11_Extended_Revolved_Side_Angle    0.95413   0.92035   0.93694       113
                          12_Gate    0.90323   0.96552   0.93333        29
                     13_Warrior_I    0.87500   0.82353   0.84848        34
               14_Reverse_Warrior    0.92000   0.69697   0.79310        33
                     15_Low_Lunge    0.82000   0.75926   0.78846        54
                    16_Warrior_II    0.94915   0.96552   0.95726        58
                   17_Warrior_III    0.96875   0.88571   0.92537        35
             18_Lord_of_the_Dance    0.98276   0.82609   0.89764        69
         19_Standing_big_toe_hold    0.77419   0.77419   0.77419        31
                          1_Eagle    0.76000   0.98276   0.85714        58
                20_Standing_Split    0.90000   0.40909   0.56250        22
                       21_Sitting    0.75281   0.90541   0.82209        74
                   22_Bound_Angle    0.80000   0.75472   0.77670        53
                       23_Garland    0.70370   0.88372   0.78351        43
                         24_Staff    0.65217   0.93750   0.76923        16
                         25_Noose    0.75000   0.37500   0.50000         8
                      26_Cow_Face    0.81633   0.74074   0.77670        54
          27_Hero_and_thunderbolt    0.82716   0.91781   0.87013        73
             28_Bharadvajas_Twist    0.66667   0.33333   0.44444        12
       29_Half_Lord_of_the_Fishes    0.77632   0.92188   0.84286        64
                           2_Tree    0.87273   0.94118   0.90566        51
                         30_Split    0.78571   0.88710   0.83333        62
31_Wide-Angle_Seated_Forward_Bend    0.62500   0.20833   0.31250        24
     32_Head-to-Knee_Forward_Bend    0.80952   0.62963   0.70833        27
         33_Revolved_Head-to-Knee    0.85714   0.93750   0.89552        32
           34_Seated_Forward_Bend    0.80597   0.91525   0.85714        59
                      35_Tortoise    0.33333   0.17647   0.23077        17
                  36_Shooting_bow    0.73333   0.73333   0.73333        15
                         37_Heron    0.79310   0.82143   0.80702        28
                   38_King_Pigeon    0.84000   0.87500   0.85714        48
                    39_Crane_Crow    0.86667   0.91228   0.88889        57
                          3_Chair    0.87719   0.86207   0.86957        58
             40_Shoulder-Pressing    0.83333   0.78947   0.81081        19
                      41_Cockerel    0.80000   0.83333   0.81633        24
                         42_Scale    0.88462   0.76667   0.82143        30
                       43_Firefly    0.84000   0.75000   0.79245        28
               44_Side_Crane_Crow    0.65625   0.70000   0.67742        30
                   45_Eight-Angle    0.76923   0.66667   0.71429        15
                46_Sage_Koundinya    0.78571   0.52381   0.62857        21
                     47_Handstand    0.76471   0.70270   0.73239        37
                     48_Headstand    0.63043   0.92063   0.74839        63
                 49_Shoulderstand    0.91892   0.91892   0.91892        37
          4_Standing_Forward_Bend    0.89655   0.96296   0.92857        81
             50_Feathered_Peacock    0.77778   0.56000   0.65116        50
              51_Legs-Up-the-Wall    0.94444   0.89474   0.91892        38
                          52_Plow    0.98077   1.00000   0.99029        51
                      53_Scorpion    0.93750   0.76923   0.84507        39
                        54_Corpse    0.84746   0.89286   0.86957        56
                          55_Fish    0.87234   0.75926   0.81188        54
                    56_Happy_Baby    0.90476   0.86364   0.88372        22
     57_Reclining_Hand-to-Big-Toe    0.76000   0.65517   0.70370        29
                58_Wind_Relieving    0.80645   0.89286   0.84746        28
             59_Reclining_cobbler    0.76786   0.71667   0.74138        60
       5_Wide-Legged_Forward_Bend    0.92157   0.88679   0.90385        53
                60_Reclining_hero    0.92157   0.88679   0.90385        53
                   61_Yogic_sleep    0.00000   0.00000   0.00000         3
                         62_Cobra    0.97810   0.89933   0.93706       149
                          63_Frog    0.95833   0.82143   0.88462        28
                        64_Locust    0.76000   0.88372   0.81720        43
                         65_Child    0.95082   0.95082   0.95082        61
                66_Extended_Puppy    0.85714   1.00000   0.92308        18
       67_Side-Reclining_Leg_Lift    0.81818   0.75000   0.78261        12
                    68_Side_Plank    0.86885   0.82812   0.84800        64
                 69_Dolphin_Plank    1.00000   0.77778   0.87500         9
                        6_Dolphin    0.68750   1.00000   0.81481        11
   70_Low_Plank_Four-Limbed_Staff    0.86275   0.89796   0.88000        49
                         71_Plank    0.93750   0.93750   0.93750        16
                       72_Peacock    0.68966   0.76923   0.72727        26
                    73_Upward_Bow    0.96721   0.86765   0.91473        68
  74_Upward_Facing_Two-Foot_Staff    0.92857   0.86667   0.89655        15
                  75_Upward_Plank    0.82000   0.93182   0.87234        44
                        76_Pigeon    0.88889   0.80000   0.84211        10
                        77_Bridge    0.92453   0.96078   0.94231        51
                    78_Wild_Thing    0.74286   0.70270   0.72222        37
                    79_Camel_Pose    0.96825   0.96825   0.96825        63
            7_Downward-Facing_Dog    0.87500   0.92453   0.89908        53
                       80_Cat_Cow    0.95652   1.00000   0.97778        88
                          81_Boat    0.93506   0.92308   0.92903        78
                           82_Bow    0.89474   0.85000   0.87179        40
           8_Intense_Side_Stretch    0.84000   0.77778   0.80769        27
                      9_Half_Moon    0.91525   0.94737   0.93103        57

                         accuracy                        0.85626      3562
                        macro avg    0.82801   0.80522   0.80876      3562
                     weighted avg    0.85846   0.85626   0.85239      3562
