                                   precision    recall  f1-score   support

    10_Extended_Revolved_Triangle    0.94017   0.97345   0.95652       113
  11_Extended_Revolved_Side_Angle    0.95413   0.92035   0.93694       113
                          12_Gate    0.93333   0.96552   0.94915        29
                     13_Warrior_I    0.85294   0.85294   0.85294        34
               14_Reverse_Warrior    0.86667   0.78788   0.82540        33
                     15_Low_Lunge    0.88235   0.83333   0.85714        54
                    16_Warrior_II    0.96552   0.96552   0.96552        58
                   17_Warrior_III    1.00000   0.91429   0.95522        35
             18_Lord_of_the_Dance    0.95312   0.88406   0.91729        69
         19_Standing_big_toe_hold    0.78378   0.93548   0.85294        31
                          1_Eagle    0.85075   0.98276   0.91200        58
                20_Standing_Split    1.00000   0.63636   0.77778        22
                       21_Sitting    0.71000   0.95946   0.81609        74
                   22_Bound_Angle    0.90909   0.75472   0.82474        53
                       23_Garland    0.77551   0.88372   0.82609        43
                         24_Staff    0.76190   1.00000   0.86486        16
                         25_Noose    0.80000   0.50000   0.61538         8
                      26_Cow_Face    0.86000   0.79630   0.82692        54
          27_Hero_and_thunderbolt    0.88462   0.94521   0.91391        73
             28_Bharadvajas_Twist    0.81818   0.75000   0.78261        12
       29_Half_Lord_of_the_Fishes    0.90625   0.90625   0.90625        64
                           2_Tree    0.98000   0.96078   0.97030        51
                         30_Split    0.90476   0.91935   0.91200        62
31_Wide-Angle_Seated_Forward_Bend    0.68421   0.54167   0.60465        24
     32_Head-to-Knee_Forward_Bend    0.81481   0.81481   0.81481        27
         33_Revolved_Head-to-Knee    0.96875   0.96875   0.96875        32
           34_Seated_Forward_Bend    0.90164   0.93220   0.91667        59
                      35_Tortoise    0.45455   0.29412   0.35714        17
                  36_Shooting_bow    0.80000   0.80000   0.80000        15
                         37_Heron    0.96154   0.89286   0.92593        28
                   38_King_Pigeon    0.86538   0.93750   0.90000        48
                    39_Crane_Crow    0.83333   0.96491   0.89431        57
                          3_Chair    0.84127   0.91379   0.87603        58
             40_Shoulder-Pressing    0.92308   0.63158   0.75000        19
                      41_Cockerel    0.84211   0.66667   0.74419        24
                         42_Scale    1.00000   0.80000   0.88889        30
                       43_Firefly    0.69697   0.82143   0.75410        28
               44_Side_Crane_Crow    0.71875   0.76667   0.74194        30
                   45_Eight-Angle    0.76923   0.66667   0.71429        15
                46_Sage_Koundinya    0.85714   0.57143   0.68571        21
                     47_Handstand    0.82051   0.86486   0.84211        37
                     48_Headstand    0.76923   0.95238   0.85106        63
                 49_Shoulderstand    0.97059   0.89189   0.92958        37
          4_Standing_Forward_Bend    0.89773   0.97531   0.93491        81
             50_Feathered_Peacock    0.95122   0.78000   0.85714        50
              51_Legs-Up-the-Wall    0.91667   0.86842   0.89189        38
                          52_Plow    1.00000   1.00000   1.00000        51
                      53_Scorpion    0.87097   0.69231   0.77143        39
                        54_Corpse    0.87719   0.89286   0.88496        56
                          55_Fish    0.85714   0.88889   0.87273        54
                    56_Happy_Baby    1.00000   0.81818   0.90000        22
     57_Reclining_Hand-to-Big-Toe    0.84615   0.75862   0.80000        29
                58_Wind_Relieving    0.82143   0.82143   0.82143        28
             59_Reclining_cobbler    0.87037   0.78333   0.82456        60
       5_Wide-Legged_Forward_Bend    0.88889   0.90566   0.89720        53
                60_Reclining_hero    0.90196   0.86792   0.88462        53
                   61_Yogic_sleep    0.00000   0.00000   0.00000         3
                         62_Cobra    0.96552   0.93960   0.95238       149
                          63_Frog    0.96296   0.92857   0.94545        28
                        64_Locust    0.88636   0.90698   0.89655        43
                         65_Child    0.93651   0.96721   0.95161        61
                66_Extended_Puppy    1.00000   1.00000   1.00000        18
       67_Side-Reclining_Leg_Lift    0.91667   0.91667   0.91667        12
                    68_Side_Plank    0.85507   0.92188   0.88722        64
                 69_Dolphin_Plank    0.90000   1.00000   0.94737         9
                        6_Dolphin    0.90000   0.81818   0.85714        11
   70_Low_Plank_Four-Limbed_Staff    0.91667   0.89796   0.90722        49
                         71_Plank    0.94118   1.00000   0.96970        16
                       72_Peacock    0.81481   0.84615   0.83019        26
                    73_Upward_Bow    0.94118   0.94118   0.94118        68
  74_Upward_Facing_Two-Foot_Staff    1.00000   0.86667   0.92857        15
                  75_Upward_Plank    0.89362   0.95455   0.92308        44
                        76_Pigeon    0.90000   0.90000   0.90000        10
                        77_Bridge    0.94000   0.92157   0.93069        51
                    78_Wild_Thing    0.96667   0.78378   0.86567        37
                    79_Camel_Pose    1.00000   0.96825   0.98387        63
            7_Downward-Facing_Dog    0.91228   0.98113   0.94545        53
                       80_Cat_Cow    0.97778   1.00000   0.98876        88
                          81_Boat    0.92308   0.92308   0.92308        78
                           82_Bow    0.94737   0.90000   0.92308        40
           8_Intense_Side_Stretch    0.79310   0.85185   0.82143        27
                      9_Half_Moon    0.93443   1.00000   0.96610        57

                         accuracy                        0.89332      3562
                        macro avg    0.87331   0.85256   0.85880      3562
                     weighted avg    0.89575   0.89332   0.89166      3562
