                                   precision    recall  f1-score   support

    10_Extended_Revolved_Triangle    0.91453   0.94690   0.93043       113
  11_Extended_Revolved_Side_Angle    0.97170   0.91150   0.94064       113
                          12_Gate    0.90323   0.96552   0.93333        29
                     13_Warrior_I    0.75676   0.82353   0.78873        34
               14_Reverse_Warrior    0.72222   0.78788   0.75362        33
                     15_Low_Lunge    0.81818   0.66667   0.73469        54
                    16_Warrior_II    0.96491   0.94828   0.95652        58
                   17_Warrior_III    0.73810   0.88571   0.80519        35
             18_Lord_of_the_Dance    0.96429   0.78261   0.86400        69
         19_Standing_big_toe_hold    0.71875   0.74194   0.73016        31
                          1_Eagle    0.86364   0.98276   0.91935        58
                20_Standing_Split    0.80000   0.36364   0.50000        22
                       21_Sitting    0.73864   0.87838   0.80247        74
                   22_Bound_Angle    0.77551   0.71698   0.74510        53
                       23_Garland    0.73077   0.88372   0.80000        43
                         24_Staff    0.73684   0.87500   0.80000        16
                         25_Noose    0.80000   0.50000   0.61538         8
                      26_Cow_Face    0.73770   0.83333   0.78261        54
          27_Hero_and_thunderbolt    0.81707   0.91781   0.86452        73
             28_Bharadvajas_Twist    0.75000   0.50000   0.60000        12
       29_Half_Lord_of_the_Fishes    0.80000   0.87500   0.83582        64
                           2_Tree    0.71014   0.96078   0.81667        51
                         30_Split    0.76712   0.90323   0.82963        62
31_Wide-Angle_Seated_Forward_Bend    0.71429   0.20833   0.32258        24
     32_Head-to-Knee_Forward_Bend    0.73913   0.62963   0.68000        27
         33_Revolved_Head-to-Knee    0.90909   0.93750   0.92308        32
           34_Seated_Forward_Bend    0.80882   0.93220   0.86614        59
                      35_Tortoise    0.50000   0.11765   0.19048        17
                  36_Shooting_bow    0.84615   0.73333   0.78571        15
                         37_Heron    0.94118   0.57143   0.71111        28
                   38_King_Pigeon    0.88636   0.81250   0.84783        48
                    39_Crane_Crow    0.82353   0.98246   0.89600        57
                          3_Chair    0.81667   0.84483   0.83051        58
             40_Shoulder-Pressing    0.68421   0.68421   0.68421        19
                      41_Cockerel    0.75000   0.75000   0.75000        24
                         42_Scale    0.89286   0.83333   0.86207        30
                       43_Firefly    0.70370   0.67857   0.69091        28
               44_Side_Crane_Crow    0.67742   0.70000   0.68852        30
                   45_Eight-Angle    1.00000   0.53333   0.69565        15
                46_Sage_Koundinya    0.80000   0.57143   0.66667        21
                     47_Handstand    0.59524   0.67568   0.63291        37
                     48_Headstand    0.68182   0.71429   0.69767        63
                 49_Shoulderstand    0.91892   0.91892   0.91892        37
          4_Standing_Forward_Bend    0.83696   0.95062   0.89017        81
             50_Feathered_Peacock    0.75000   0.78000   0.76471        50
              51_Legs-Up-the-Wall    0.97059   0.86842   0.91667        38
                          52_Plow    0.98039   0.98039   0.98039        51
                      53_Scorpion    0.93548   0.74359   0.82857        39
                        54_Corpse    0.80645   0.89286   0.84746        56
                          55_Fish    0.96667   0.53704   0.69048        54
                    56_Happy_Baby    0.95000   0.86364   0.90476        22
     57_Reclining_Hand-to-Big-Toe    0.76471   0.44828   0.56522        29
                58_Wind_Relieving    0.66667   0.85714   0.75000        28
             59_Reclining_cobbler    0.79245   0.70000   0.74336        60
       5_Wide-Legged_Forward_Bend    0.93750   0.84906   0.89109        53
                60_Reclining_hero    0.87037   0.88679   0.87850        53
                   61_Yogic_sleep    0.00000   0.00000   0.00000         3
                         62_Cobra    0.94595   0.93960   0.94276       149
                          63_Frog    0.95652   0.78571   0.86275        28
                        64_Locust    0.62295   0.88372   0.73077        43
                         65_Child    0.89231   0.95082   0.92063        61
                66_Extended_Puppy    1.00000   0.94444   0.97143        18
       67_Side-Reclining_Leg_Lift    0.68750   0.91667   0.78571        12
                    68_Side_Plank    0.73611   0.82812   0.77941        64
                 69_Dolphin_Plank    0.80000   0.88889   0.84211         9
                        6_Dolphin    0.57895   1.00000   0.73333        11
   70_Low_Plank_Four-Limbed_Staff    0.86275   0.89796   0.88000        49
                         71_Plank    1.00000   0.93750   0.96774        16
                       72_Peacock    0.74074   0.76923   0.75472        26
                    73_Upward_Bow    0.95312   0.89706   0.92424        68
  74_Upward_Facing_Two-Foot_Staff    0.85714   0.80000   0.82759        15
                  75_Upward_Plank    0.87234   0.93182   0.90110        44
                        76_Pigeon    0.90000   0.90000   0.90000        10
                        77_Bridge    0.90385   0.92157   0.91262        51
                    78_Wild_Thing    0.86667   0.70270   0.77612        37
                    79_Camel_Pose    0.98387   0.96825   0.97600        63
            7_Downward-Facing_Dog    0.90741   0.92453   0.91589        53
                       80_Cat_Cow    0.97778   1.00000   0.98876        88
                          81_Boat    0.89189   0.84615   0.86842        78
                           82_Bow    0.76744   0.82500   0.79518        40
           8_Intense_Side_Stretch    0.83333   0.74074   0.78431        27
                      9_Half_Moon    0.94000   0.82456   0.87850        57

                         accuracy                        0.83885      3562
                        macro avg    0.81581   0.79102   0.79221      3562
                     weighted avg    0.84428   0.83885   0.83445      3562
