                                   precision    recall  f1-score   support

    10_Extended_Revolved_Triangle    0.91057   0.99115   0.94915       113
  11_Extended_Revolved_Side_Angle    0.96226   0.90265   0.93151       113
                          12_Gate    0.96429   0.93103   0.94737        29
                     13_Warrior_I    0.85714   0.88235   0.86957        34
               14_Reverse_Warrior    0.80000   0.72727   0.76190        33
                     15_Low_Lunge    0.85185   0.85185   0.85185        54
                    16_Warrior_II    0.93333   0.96552   0.94915        58
                   17_Warrior_III    1.00000   0.94286   0.97059        35
             18_Lord_of_the_Dance    0.95385   0.89855   0.92537        69
         19_Standing_big_toe_hold    0.84375   0.87097   0.85714        31
                          1_Eagle    0.91803   0.96552   0.94118        58
                20_Standing_Split    0.84211   0.72727   0.78049        22
                       21_Sitting    0.77273   0.91892   0.83951        74
                   22_Bound_Angle    0.86275   0.83019   0.84615        53
                       23_Garland    0.85106   0.93023   0.88889        43
                         24_Staff    0.72727   1.00000   0.84211        16
                         25_Noose    1.00000   0.50000   0.66667         8
                      26_Cow_Face    0.93182   0.75926   0.83673        54
          27_Hero_and_thunderbolt    0.83133   0.94521   0.88462        73
             28_Bharadvajas_Twist    0.80000   0.66667   0.72727        12
       29_Half_Lord_of_the_Fishes    0.86957   0.93750   0.90226        64
                           2_Tree    0.85965   0.96078   0.90741        51
                         30_Split    0.90476   0.91935   0.91200        62
31_Wide-Angle_Seated_Forward_Bend    0.78571   0.45833   0.57895        24
     32_Head-to-Knee_Forward_Bend    0.80000   0.74074   0.76923        27
         33_Revolved_Head-to-Knee    0.93750   0.93750   0.93750        32
           34_Seated_Forward_Bend    0.88710   0.93220   0.90909        59
                      35_Tortoise    0.46154   0.35294   0.40000        17
                  36_Shooting_bow    0.92308   0.80000   0.85714        15
                         37_Heron    0.82759   0.85714   0.84211        28
                   38_King_Pigeon    0.87755   0.89583   0.88660        48
                    39_Crane_Crow    0.83333   0.96491   0.89431        57
                          3_Chair    0.83333   0.94828   0.88710        58
             40_Shoulder-Pressing    0.68421   0.68421   0.68421        19
                      41_Cockerel    0.86957   0.83333   0.85106        24
                         42_Scale    1.00000   0.76667   0.86792        30
                       43_Firefly    0.66667   0.71429   0.68966        28
               44_Side_Crane_Crow    0.81481   0.73333   0.77193        30
                   45_Eight-Angle    0.71429   0.66667   0.68966        15
                46_Sage_Koundinya    0.87500   0.66667   0.75676        21
                     47_Handstand    0.91892   0.91892   0.91892        37
                     48_Headstand    0.76250   0.96825   0.85315        63
                 49_Shoulderstand    0.97143   0.91892   0.94444        37
          4_Standing_Forward_Bend    0.90805   0.97531   0.94048        81
             50_Feathered_Peacock    0.95238   0.80000   0.86957        50
              51_Legs-Up-the-Wall    0.91429   0.84211   0.87671        38
                          52_Plow    0.96226   1.00000   0.98077        51
                      53_Scorpion    0.93333   0.71795   0.81159        39
                        54_Corpse    0.87931   0.91071   0.89474        56
                          55_Fish    0.88462   0.85185   0.86792        54
                    56_Happy_Baby    1.00000   0.86364   0.92683        22
     57_Reclining_Hand-to-Big-Toe    0.75758   0.86207   0.80645        29
                58_Wind_Relieving    0.82759   0.85714   0.84211        28
             59_Reclining_cobbler    0.83333   0.83333   0.83333        60
       5_Wide-Legged_Forward_Bend    0.88889   0.90566   0.89720        53
                60_Reclining_hero    0.89796   0.83019   0.86275        53
                   61_Yogic_sleep    1.00000   0.33333   0.50000         3
                         62_Cobra    0.97902   0.93960   0.95890       149
                          63_Frog    1.00000   0.78571   0.88000        28
                        64_Locust    0.90698   0.90698   0.90698        43
                         65_Child    0.98333   0.96721   0.97521        61
                66_Extended_Puppy    0.94737   1.00000   0.97297        18
       67_Side-Reclining_Leg_Lift    0.90909   0.83333   0.86957        12
                    68_Side_Plank    0.89062   0.89062   0.89062        64
                 69_Dolphin_Plank    1.00000   1.00000   1.00000         9
                        6_Dolphin    1.00000   0.72727   0.84211        11
   70_Low_Plank_Four-Limbed_Staff    0.88462   0.93878   0.91089        49
                         71_Plank    0.94118   1.00000   0.96970        16
                       72_Peacock    0.86957   0.76923   0.81633        26
                    73_Upward_Bow    0.96923   0.92647   0.94737        68
  74_Upward_Facing_Two-Foot_Staff    0.87500   0.93333   0.90323        15
                  75_Upward_Plank    0.89362   0.95455   0.92308        44
                        76_Pigeon    0.88889   0.80000   0.84211        10
                        77_Bridge    0.95833   0.90196   0.92929        51
                    78_Wild_Thing    0.96774   0.81081   0.88235        37
                    79_Camel_Pose    0.98413   0.98413   0.98413        63
            7_Downward-Facing_Dog    0.86667   0.98113   0.92035        53
                       80_Cat_Cow    0.97778   1.00000   0.98876        88
                          81_Boat    0.93151   0.87179   0.90066        78
                           82_Bow    0.84444   0.95000   0.89412        40
           8_Intense_Side_Stretch    0.85185   0.85185   0.85185        27
                      9_Half_Moon    0.94828   0.96491   0.95652        57

                         accuracy                        0.89276      3562
                        macro avg    0.88538   0.85436   0.86349      3562
                     weighted avg    0.89570   0.89276   0.89137      3562
